		P. fulvum	OSU	P. sativum	P. sativum	USDA-ARS	P. sativum - Central Asia	P. sativum subsp. elatius	P. sativum subsp. sativum - Primary
SRR5349776	P. fulvum	0.99993	0.00001	0.00001	0.00001	0.00001	0.00001	0.00001	0.00001
SRR5349778	P. fulvum	0.99993	0.00001	0.00001	0.00001	0.00001	0.00001	0.00001	0.00001
SRR5349779	P. fulvum	0.99993	0.00001	0.00001	0.00001	0.00001	0.00001	0.00001	0.00001
SRR5349780	P. fulvum	0.99993	0.00001	0.00001	0.00001	0.00001	0.00001	0.00001	0.00001
SRR5349783	P. fulvum	0.99993	0.00001	0.00001	0.00001	0.00001	0.00001	0.00001	0.00001
SRR5349784	P. fulvum	0.99993	0.00001	0.00001	0.00001	0.00001	0.00001	0.00001	0.00001
SRR5349785	P. fulvum	0.99993	0.00001	0.00001	0.00001	0.00001	0.00001	0.00001	0.00001
SRR5349787	P. fulvum	0.99993	0.00001	0.00001	0.00001	0.00001	0.00001	0.00001	0.00001
SRR5349788	P. fulvum	0.99993	0.00001	0.00001	0.00001	0.00001	0.00001	0.00001	0.00001
SRR5349789	P. fulvum	0.99993	0.00001	0.00001	0.00001	0.00001	0.00001	0.00001	0.00001
SRR5349790	P. fulvum	0.99993	0.00001	0.00001	0.00001	0.00001	0.00001	0.00001	0.00001
SRR5349791	P. fulvum	0.99993	0.00001	0.00001	0.00001	0.00001	0.00001	0.00001	0.00001
SRR5349792	P. fulvum	0.99993	0.00001	0.00001	0.00001	0.00001	0.00001	0.00001	0.00001
SRR5349793	P. fulvum	0.99993	0.00001	0.00001	0.00001	0.00001	0.00001	0.00001	0.00001
SRR5349794	P. fulvum	0.99993	0.00001	0.00001	0.00001	0.00001	0.00001	0.00001	0.00001
SRR5349781	P. fulvum	0.999928	0.00001	0.00001	0.00001	0.00001	0.00001	0.000012	0.00001
SRR5349782	P. fulvum	0.999924	0.00001	0.00001	0.000012	0.000011	0.00001	0.000013	0.00001
SRR5349786	P. fulvum	0.999923	0.00001	0.00001	0.00001	0.00001	0.00001	0.000017	0.00001
SRR5349777	P. fulvum	0.988314	0.00001	0.00001	0.00001	0.011622	0.00001	0.000014	0.00001
SRR5349775	P. fulvum	0.974743	0.00001	0.000014	0.000012	0.025191	0.00001	0.00001	0.00001
SRR5349798	P. fulvum	0.957942	0.00001	0.00001	0.00001	0.00001	0.00001	0.041998	0.00001
SRR5349795	P. fulvum	0.953431	0.00001	0.00001	0.00001	0.00001	0.00001	0.046509	0.00001
SRR5349797	P. fulvum	0.908841	0.00001	0.024092	0.00001	0.00001	0.00001	0.067016	0.00001
SRR5349774	P. fulvum	0.899998	0.00001	0.000016	0.00001	0.099935	0.00001	0.00001	0.00001
SRR5349796	P. fulvum	0.870773	0.00001	0.065234	0.029905	0.001905	0.00001	0.032153	0.00001
SRR5349864	OSU	0.00001	0.99993	0.00001	0.00001	0.00001	0.00001	0.00001	0.00001
SRR5349866	OSU	0.00001	0.99993	0.00001	0.00001	0.00001	0.00001	0.00001	0.00001
SRR5349867	OSU	0.00001	0.99993	0.00001	0.00001	0.00001	0.00001	0.00001	0.00001
SRR5349868	OSU	0.00001	0.99993	0.00001	0.00001	0.00001	0.00001	0.00001	0.00001
SRR5349869	OSU	0.00001	0.99993	0.00001	0.00001	0.00001	0.00001	0.00001	0.00001
SRR5349870	OSU	0.00001	0.99993	0.00001	0.00001	0.00001	0.00001	0.00001	0.00001
SRR5349875	OSU	0.00001	0.99993	0.00001	0.00001	0.00001	0.00001	0.00001	0.00001
SRR5349876	OSU	0.00001	0.99993	0.00001	0.00001	0.00001	0.00001	0.00001	0.00001
SRR5349887	OSU	0.00001	0.99993	0.00001	0.00001	0.00001	0.00001	0.00001	0.00001
SRR5349888	OSU	0.00001	0.99993	0.00001	0.00001	0.00001	0.00001	0.00001	0.00001
SRR5349889	OSU	0.00001	0.99993	0.00001	0.00001	0.00001	0.00001	0.00001	0.00001
SRR5349890	OSU	0.00001	0.99993	0.00001	0.00001	0.00001	0.00001	0.00001	0.00001
SRR5349891	OSU	0.00001	0.99993	0.00001	0.00001	0.00001	0.00001	0.00001	0.00001
SRR5349884	OSU	0.00001	0.999929	0.00001	0.00001	0.000011	0.00001	0.00001	0.00001
SRR5349892	OSU	0.00001	0.999929	0.00001	0.00001	0.000011	0.00001	0.00001	0.00001
SRR5349885	OSU	0.00001	0.999928	0.00001	0.00001	0.00001	0.000012	0.00001	0.00001
SRR5349879	OSU	0.00001	0.973065	0.00001	0.00001	0.00001	0.00001	0.00001	0.026875
SRR5349872	OSU	0.00001	0.963131	0.00001	0.00001	0.036809	0.00001	0.00001	0.00001
SRR5350225	OSU	0.00001	0.951536	0.00001	0.00001	0.00001	0.00001	0.00001	0.048404
SRR5349877	OSU	0.00001	0.93904	0.00001	0.00001	0.0609	0.00001	0.00001	0.00001
SRR5350219	OSU	0.00001	0.918609	0.00001	0.066291	0.00001	0.00001	0.01505	0.00001
SRR5350217	OSU	0.00001	0.893567	0.00001	0.00001	0.00001	0.00001	0.011744	0.09464
SRR5349865	OSU	0.00001	0.886182	0.00001	0.00001	0.113758	0.00001	0.00001	0.00001
SRR5349873	OSU	0.00001	0.853033	0.00001	0.00001	0.146907	0.00001	0.00001	0.00001
SRR5349886	OSU	0.00001	0.833171	0.00001	0.00001	0.166769	0.00001	0.00001	0.00001
SRR5350216	P. fulvum	0.00001	0.799926	0.00001	0.00001	0.200014	0.00001	0.00001	0.00001
SRR5350220	OSU	0.00001	0.790469	0.00001	0.00001	0.194476	0.00001	0.00001	0.015005
SRR5349874	OSU	0.00001	0.786481	0.00001	0.00001	0.213459	0.00001	0.00001	0.00001
SRR5349878	OSU	0.00001	0.776007	0.00001	0.06016	0.00001	0.00001	0.02349	0.140303
SRR5349881	OSU	0.00001	0.755556	0.00001	0.00001	0.071718	0.00001	0.00001	0.172676
SRR5349893	OSU	0.00001	0.753532	0.00001	0.011027	0.152359	0.00001	0.009267	0.073786
SRR5349883	OSU	0.00001	0.744527	0.00001	0.00001	0.00001	0.00001	0.00001	0.255413
SRR5349882	OSU	0.00001	0.724529	0.00001	0.00001	0.134259	0.00001	0.00001	0.141162
SRR5349880	OSU	0.00001	0.64134	0.00001	0.00846	0.241575	0.00001	0.015864	0.092731
SRR5350091	P. sativum	0.00001	0.593664	0.00001	0.00001	0.406276	0.00001	0.00001	0.00001
SRR5349871	OSU	0.00001	0.579712	0.00001	0.030925	0.358824	0.024591	0.005919	0.00001
SRR5349848	P. sativum	0.00001	0.549455	0.000019	0.00001	0.158168	0.00001	0.012092	0.280236
SRR5349799	P. sativum	0.00001	0.00001	0.99993	0.00001	0.00001	0.00001	0.00001	0.00001
SRR5349813	P. sativum	0.00001	0.00001	0.99993	0.00001	0.00001	0.00001	0.00001	0.00001
SRR5349818	P. sativum	0.00001	0.00001	0.99993	0.00001	0.00001	0.00001	0.00001	0.00001
SRR5349819	P. sativum	0.00001	0.00001	0.99993	0.00001	0.00001	0.00001	0.00001	0.00001
SRR5349820	P. sativum	0.00001	0.00001	0.99993	0.00001	0.00001	0.00001	0.00001	0.00001
SRR5349823	P. sativum	0.00001	0.00001	0.99993	0.00001	0.00001	0.00001	0.00001	0.00001
SRR5349827	P. sativum	0.000014	0.00001	0.999926	0.00001	0.00001	0.00001	0.00001	0.00001
SRR5349811	P. sativum	0.00001	0.00001	0.949088	0.00001	0.00001	0.050852	0.00001	0.00001
SRR5349812	P. sativum	0.00001	0.00001	0.886188	0.000015	0.00001	0.113747	0.00001	0.00001
SRR5349816	P. sativum	0.00002	0.00001	0.857987	0.00001	0.00001	0.141943	0.00001	0.00001
SRR5349825	P. sativum	0.00001	0.00001	0.833987	0.00001	0.00001	0.165953	0.00001	0.00001
SRR5349805	P. sativum	0.00001	0.00001	0.825444	0.00001	0.16436	0.00001	0.00001	0.010145
SRR5349833	P. sativum	0.00001	0.00001	0.80998	0.00001	0.00001	0.027104	0.029669	0.133208
SRR5349822	P. sativum	0.00001	0.032641	0.806507	0.00001	0.00001	0.160803	0.00001	0.00001
SRR5349829	P. sativum	0.00001	0.00001	0.804414	0.00001	0.00001	0.195526	0.00001	0.00001
SRR5349815	P. sativum	0.00001	0.00001	0.788651	0.00001	0.00001	0.211289	0.00001	0.00001
SRR5349810	P. sativum	0.00001	0.00001	0.758487	0.00001	0.00001	0.201355	0.00058	0.039538
SRR5349807	P. sativum	0.00001	0.000126	0.740309	0.00001	0.00001	0.086638	0.00001	0.172887
SRR5349801	P. sativum	0.00001	0.00001	0.739406	0.00001	0.175455	0.00001	0.00001	0.085089
SRR5349821	P. sativum	0.000019	0.00001	0.737248	0.00001	0.00001	0.262679	0.000014	0.00001
SRR5349830	P. sativum	0.00001	0.00001	0.724731	0.00001	0.00001	0.00001	0.00001	0.275209
SRR5349826	P. sativum	0.00001	0.00001	0.707071	0.00001	0.00001	0.292869	0.00001	0.00001
SRR5349802	P. sativum	0.00001	0.00001	0.676819	0.023921	0.00001	0.111112	0.005017	0.183102
SRR5349804	P. sativum	0.00001	0.101888	0.639067	0.02868	0.19583	0.016823	0.00001	0.017692
SRR5349800	P. sativum	0.00001	0.00001	0.624206	0.00001	0.00001	0.18668	0.00001	0.189064
SRR5349814	P. sativum	0.00001	0.00001	0.608503	0.00001	0.146652	0.00001	0.00001	0.244796
SRR5349832	P. sativum	0.00001	0.00001	0.576431	0.00001	0.00001	0.419811	0.003707	0.00001
SRR5350007	P. sativum subsp. elatius	0.00001	0.080521	0.565098	0.00001	0.00001	0.293827	0.008663	0.051862
SRR5349831	P. sativum	0.000012	0.00001	0.534923	0.00001	0.00001	0.461638	0.003387	0.00001
SRR5349925	P. sativum	0.00001	0.00001	0.00001	0.99993	0.00001	0.00001	0.00001	0.00001
SRR5350016	P. sativum	0.00001	0.00001	0.00001	0.99993	0.00001	0.00001	0.00001	0.00001
SRR5349943	P. sativum	0.00001	0.00001	0.00001	0.999004	0.00001	0.00001	0.000936	0.00001
SRR5350164	P. sativum	0.00001	0.00001	0.00001	0.988359	0.011581	0.00001	0.00001	0.00001
SRR5350032	P. sativum	0.00001	0.00001	0.00001	0.9806	0.01934	0.00001	0.00001	0.00001
SRR5349956	P. sativum	0.00001	0.00001	0.00001	0.979306	0.020628	0.000016	0.00001	0.00001
SRR5349860	P. sativum	0.00001	0.000016	0.00001	0.972098	0.027836	0.00001	0.00001	0.00001
SRR5350072	P. sativum	0.00001	0.00001	0.00001	0.9685	0.028912	0.00001	0.002538	0.00001
SRR5350021	P. sativum	0.00001	0.00001	0.00001	0.96454	0.0354	0.00001	0.00001	0.00001
SRR5350022	P. sativum	0.00001	0.000013	0.00001	0.902512	0.097425	0.00001	0.00001	0.00001
SRR5349983	P. sativum	0.00001	0.00001	0.00001	0.897055	0.102885	0.00001	0.00001	0.00001
SRR5349972	P. sativum	0.00001	0.000014	0.00001	0.840352	0.159584	0.00001	0.00001	0.00001
SRR5350014	P. sativum	0.00001	0.00001	0.00001	0.833536	0.166404	0.00001	0.00001	0.00001
SRR5349946	P. sativum	0.00001	0.024477	0.037697	0.819412	0.00001	0.067883	0.031774	0.018737
SRR5349944	P. sativum	0.00001	0.00001	0.048502	0.809225	0.00001	0.085591	0.004955	0.051696
SRR5350070	P. sativum	0.00001	0.00001	0.00001	0.779567	0.209433	0.00001	0.00001	0.01095
SRR5349861	P. sativum	0.00001	0.004172	0.00001	0.763379	0.232398	0.00001	0.00001	0.00001
SRR5350068	P. sativum	0.00001	0.00001	0.00001	0.760306	0.099383	0.00001	0.0029	0.137371
SRR5349927	P. sativum	0.00001	0.007929	0.019406	0.759482	0.091157	0.00001	0.03491	0.087097
SRR5350001	P. sativum	0.00001	0.011857	0.007401	0.720065	0.114908	0.016242	0.120167	0.00935
SRR5349850	P. sativum subsp. elatius	0.00001	0.02906	0.032725	0.718478	0.102693	0.005869	0.111155	0.00001
SRR5349928	P. sativum	0.00001	0.00001	0.00001	0.71049	0.28945	0.00001	0.00001	0.00001
SRR5349970	P. sativum	0.00001	0.00001	0.00001	0.70995	0.28999	0.00001	0.00001	0.00001
SRR5350100	P. sativum	0.00001	0.003215	0.00001	0.692909	0.00001	0.016221	0.083679	0.203946
SRR5350093	P. sativum	0.00001	0.002484	0.039019	0.688522	0.190762	0.016484	0.062709	0.00001
SRR5349926	P. sativum	0.00001	0.00001	0.00001	0.667705	0.332235	0.00001	0.00001	0.00001
SRR5350085	P. sativum	0.00001	0.00001	0.00001	0.667337	0.035655	0.00001	0.053505	0.243462
SRR5349969	P. sativum	0.00001	0.00001	0.000013	0.665248	0.00001	0.009797	0.134812	0.190099
SRR5350152	P. sativum	0.000012	0.00001	0.00001	0.661696	0.049209	0.00001	0.006769	0.282284
SRR5350145	P. sativum	0.000012	0.006889	0.00001	0.655687	0.00001	0.00001	0.061035	0.276347
SRR5350020	P. sativum	0.00001	0.00001	0.00001	0.655102	0.00001	0.002167	0.12299	0.219701
SRR5350094	P. sativum	0.00001	0.013737	0.00001	0.651047	0.00001	0.019669	0.079098	0.236418
SRR5349855	P. sativum subsp. elatius	0.00001	0.00001	0.00001	0.630889	0.00001	0.08392	0.267437	0.017713
SRR5349947	P. sativum subsp. elatius	0.00001	0.00001	0.00001	0.628205	0.00001	0.085429	0.286316	0.00001
SRR5350172	P. sativum	0.00001	0.00001	0.00001	0.616306	0.00001	0.118555	0.265089	0.00001
SRR5350044	P. sativum	0.00001	0.000013	0.007999	0.612939	0.098609	0.00001	0.03834	0.24208
SRR5350092	P. sativum	0.00001	0.00001	0.00001	0.60051	0.118892	0.00001	0.016574	0.263984
SRR5350023	P. sativum	0.000016	0.011896	0.00001	0.59959	0.154393	0.00001	0.032545	0.201539
SRR5349851	P. sativum subsp. elatius	0.00001	0.00001	0.00001	0.599153	0.00001	0.081003	0.31142	0.008384
SRR5349852	P. sativum subsp. elatius	0.00001	0.024236	0.00001	0.594288	0.045297	0.00001	0.078616	0.257534
SRR5350129	P. sativum	0.00001	0.00001	0.028234	0.593518	0.193236	0.00001	0.00001	0.184972
SRR5350031	P. sativum	0.00001	0.00001	0.00001	0.580891	0.00001	0.001027	0.107152	0.310889
SRR5350074	P. sativum	0.00001	0.00587	0.00001	0.561532	0.32242	0.00001	0.000747	0.109401
SRR5350146	P. sativum	0.000012	0.00001	0.03433	0.560262	0.17724	0.00001	0.00001	0.228127
SRR5350015	P. sativum	0.00001	0.00001	0.00001	0.556286	0.00001	0.133804	0.16028	0.14959
SRR5350171	P. sativum	0.00001	0.00001	0.049926	0.550447	0.222982	0.00001	0.01141	0.165204
SRR5349951	P. sativum	0.00001	0.060946	0.000011	0.547648	0.081569	0.00001	0.077407	0.2324
SRR5350118	P. sativum	0.000589	0.00001	0.00001	0.537312	0.00001	0.00001	0.077863	0.384195
SRR5350178	P. sativum	0.00001	0.00001	0.00001	0.52705	0.00001	0.181888	0.16167	0.129352
SRR5350125	P. sativum	0.00001	0.04872	0.00001	0.52535	0.00001	0.110226	0.065723	0.249951
SRR5349958	P. sativum	0.00001	0.00001	0.00001	0.515303	0.140323	0.00001	0.021076	0.323258
SRR5350123	P. sativum	0.00001	0.00001	0.00001	0.509025	0.00001	0.06074	0.39714	0.033056
SRR5350153	P. sativum	0.00001	0.00001	0.035649	0.508997	0.124214	0.00951	0.002153	0.319457
SRR5350135	P. sativum	0.00001	0.00001	0.024018	0.508304	0.299088	0.00001	0.00001	0.16855
SRR5349900	USDA-ARS	0.00001	0.00001	0.00001	0.00001	0.99993	0.00001	0.00001	0.00001
SRR5349902	USDA-ARS	0.00001	0.00001	0.00001	0.00001	0.99993	0.00001	0.00001	0.00001
SRR5349905	USDA-ARS	0.00001	0.00001	0.00001	0.00001	0.99993	0.00001	0.00001	0.00001
SRR5349906	USDA-ARS	0.00001	0.00001	0.00001	0.00001	0.99993	0.00001	0.00001	0.00001
SRR5349909	USDA-ARS	0.00001	0.00001	0.00001	0.00001	0.99993	0.00001	0.00001	0.00001
SRR5349915	USDA-ARS	0.00001	0.00001	0.00001	0.00001	0.99993	0.00001	0.00001	0.00001
SRR5349916	USDA-ARS	0.00001	0.00001	0.00001	0.00001	0.99993	0.00001	0.00001	0.00001
SRR5349990	P. sativum subsp. sativum - Primary	0.00001	0.00001	0.00001	0.00001	0.99993	0.00001	0.00001	0.00001
SRR5349918	USDA-ARS	0.00001	0.00001	0.00001	0.000012	0.999928	0.00001	0.00001	0.00001
SRR5349924	USDA-ARS	0.00001	0.000461	0.00001	0.00001	0.999479	0.00001	0.00001	0.00001
SRR5349922	USDA-ARS	0.00001	0.00001	0.00001	0.001985	0.997955	0.00001	0.00001	0.00001
SRR5349920	USDA-ARS	0.00001	0.004121	0.00001	0.00001	0.978299	0.00001	0.00001	0.01753
SRR5349936	P. sativum	0.00001	0.00001	0.00001	0.00001	0.961514	0.00001	0.038426	0.00001
SRR5350226	P. sativum	0.00001	0.00001	0.00001	0.00001	0.961267	0.00001	0.00001	0.038673
SRR5349919	USDA-ARS	0.00001	0.040118	0.00001	0.000014	0.959818	0.00001	0.00001	0.00001
SRR5349921	USDA-ARS	0.00001	0.00001	0.00001	0.00001	0.956748	0.029635	0.00001	0.013568
SRR5349923	USDA-ARS	0.00001	0.00001	0.00001	0.050565	0.949375	0.00001	0.00001	0.00001
SRR5349908	USDA-ARS	0.00001	0.056509	0.00001	0.00001	0.94343	0.000011	0.00001	0.00001
SRR5349912	USDA-ARS	0.00001	0.00001	0.00001	0.022952	0.92659	0.00001	0.004393	0.046025
SRR5349898	USDA-ARS	0.00001	0.00001	0.00001	0.08321	0.91673	0.00001	0.00001	0.00001
SRR5350173	P. sativum subsp. sativum - Primary	0.00001	0.02447	0.00001	0.00001	0.91662	0.00001	0.00001	0.05886
SRR5349913	USDA-ARS	0.00001	0.084966	0.00001	0.00001	0.914974	0.00001	0.00001	0.00001
SRR5349904	USDA-ARS	0.00001	0.056689	0.00001	0.00001	0.912642	0.00001	0.002042	0.028586
SRR5349914	USDA-ARS	0.00001	0.107094	0.00001	0.00001	0.892846	0.00001	0.00001	0.00001
SRR5349895	USDA-ARS	0.00001	0.00001	0.00001	0.119681	0.87298	0.00001	0.007288	0.00001
SRR5350057	P. sativum subsp. sativum - Primary	0.00001	0.131136	0.00001	0.00001	0.868804	0.00001	0.00001	0.00001
SRR5349899	USDA-ARS	0.00001	0.013515	0.00001	0.065207	0.868484	0.00001	0.00001	0.052754
SRR5350169	P. sativum subsp. sativum - Primary	0.00001	0.00001	0.00001	0.00001	0.867298	0.00001	0.00001	0.132642
SRR5350170	P. sativum subsp. sativum - Primary	0.00001	0.00001	0.00001	0.00001	0.860231	0.00001	0.00001	0.139709
SRR5349917	USDA-ARS	0.00001	0.127922	0.00001	0.00001	0.857789	0.014239	0.00001	0.00001
SRR5350058	P. sativum subsp. sativum - Primary	0.00001	0.013639	0.00001	0.027478	0.838052	0.00001	0.00001	0.120791
SRR5350011	P. sativum subsp. sativum - Primary	0.00001	0.00001	0.00001	0.103589	0.83788	0.00001	0.013691	0.0448
SRR5350224	P. sativum	0.00001	0.178244	0.00001	0.00001	0.821696	0.00001	0.00001	0.00001
SRR5350221	P. sativum	0.00001	0.150006	0.00001	0.00001	0.818941	0.00001	0.015695	0.015318
SRR5349964	P. sativum subsp. sativum - Primary	0.00001	0.192883	0.00001	0.00001	0.807057	0.00001	0.00001	0.00001
SRR5350166	P. sativum subsp. sativum - Primary	0.00001	0.046491	0.00001	0.00001	0.793354	0.000011	0.00001	0.160104
SRR5350037	P. sativum subsp. sativum - Primary	0.000018	0.016961	0.00001	0.00001	0.7893	0.00001	0.00001	0.193681
SRR5350061	P. sativum subsp. sativum - Primary	0.00001	0.219823	0.00001	0.00001	0.780117	0.00001	0.00001	0.00001
SRR5349976	P. sativum subsp. sativum - Primary	0.00001	0.211089	0.00001	0.00001	0.773635	0.00001	0.00001	0.015226
SRR5349960	P. sativum subsp. sativum - Primary	0.00001	0.09519	0.00001	0.00001	0.772842	0.00001	0.017308	0.11462
SRR5349911	USDA-ARS	0.00001	0.090258	0.00001	0.106134	0.770729	0.002793	0.010972	0.019094
SRR5350041	P. sativum subsp. sativum - Primary	0.00001	0.232332	0.00001	0.00001	0.767608	0.00001	0.00001	0.00001
SRR5350103	P. sativum subsp. sativum - Primary	0.00001	0.00001	0.00001	0.00001	0.762082	0.00001	0.00001	0.237858
SRR5350033	P. sativum subsp. sativum - Primary	0.00001	0.00001	0.00001	0.116426	0.760674	0.00001	0.009135	0.113725
SRR5350182	P. sativum subsp. sativum - Primary	0.00001	0.00001	0.00001	0.056579	0.758602	0.00001	0.00001	0.184769
SRR5349953	P. sativum subsp. sativum - Primary	0.000014	0.245318	0.00001	0.00001	0.754618	0.000011	0.00001	0.00001
SRR5350227	P. sativum	0.00001	0.00001	0.00001	0.054146	0.749088	0.00001	0.03173	0.164996
SRR5349989	P. sativum subsp. sativum - Primary	0.00001	0.110094	0.00001	0.00001	0.746746	0.010449	0.00001	0.132671
SRR5350110	P. sativum subsp. sativum - Primary	0.00001	0.265343	0.00001	0.00001	0.734597	0.00001	0.00001	0.00001
SRR5349835	P. sativum	0.00001	0.00001	0.045429	0.00001	0.721082	0.00001	0.016457	0.216991
SRR5350039	P. sativum subsp. sativum - Primary	0.00001	0.00001	0.00001	0.035798	0.719419	0.00001	0.00001	0.244733
SRR5349961	P. sativum subsp. sativum - Primary	0.000013	0.285793	0.00001	0.00001	0.714144	0.00001	0.00001	0.00001
SRR5350038	P. sativum subsp. sativum - Primary	0.00001	0.133322	0.00001	0.055438	0.713171	0.00001	0.00935	0.088689
SRR5350049	P. sativum	0.00001	0.01727	0.00001	0.026218	0.713124	0.00001	0.00001	0.243348
SRR5350053	P. sativum	0.00001	0.00001	0.00001	0.00001	0.711745	0.00001	0.00001	0.288195
SRR5350047	P. sativum subsp. sativum - Primary	0.00001	0.184667	0.00001	0.016274	0.706477	0.00001	0.00001	0.092542
SRR5350223	P. sativum	0.000014	0.294492	0.00001	0.00001	0.705444	0.00001	0.00001	0.00001
SRR5349973	P. sativum	0.00001	0.043938	0.006141	0.182846	0.704856	0.00001	0.00001	0.062189
SRR5349907	USDA-ARS	0.00001	0.077128	0.00001	0.067621	0.692975	0.00001	0.049443	0.112803
SRR5349806	P. sativum	0.000012	0.099402	0.062678	0.00001	0.688285	0.00001	0.011466	0.138138
SRR5350013	P. sativum	0.00001	0.062911	0.00001	0.165144	0.680629	0.00001	0.00001	0.091276
SRR5350027	P. sativum	0.00001	0.139234	0.00001	0.068303	0.671948	0.00001	0.00001	0.120475
SRR5350025	P. sativum subsp. sativum - Primary	0.00001	0.05482	0.00001	0.051307	0.663881	0.00001	0.005167	0.224796
SRR5350167	P. sativum subsp. sativum - Primary	0.00001	0.00001	0.00001	0.100253	0.663434	0.00001	0.00001	0.236263
SRR5349975	P. sativum subsp. sativum - Primary	0.00001	0.171796	0.00001	0.002828	0.662859	0.00001	0.01125	0.151237
SRR5350083	P. sativum subsp. sativum - Primary	0.00001	0.210518	0.00001	0.059763	0.660141	0.00001	0.00001	0.069537
SRR5350040	P. sativum subsp. sativum - Primary	0.00001	0.00001	0.00001	0.00001	0.65697	0.00001	0.00001	0.34297
SRR5350098	P. sativum subsp. sativum - Primary	0.00001	0.066526	0.00001	0.06759	0.653161	0.00001	0.00001	0.212684
SRR5350105	P. sativum subsp. sativum - Primary	0.00001	0.183958	0.00001	0.018802	0.648846	0.00001	0.014441	0.133924
SRR5350090	P. sativum	0.00001	0.195148	0.00001	0.060656	0.648341	0.00001	0.00001	0.095815
SRR5350120	P. sativum subsp. sativum - Primary	0.00001	0.109848	0.00001	0.00001	0.642679	0.00001	0.00001	0.247424
SRR5350086	P. sativum	0.00001	0.009345	0.00001	0.132116	0.639411	0.00001	0.00001	0.219087
SRR5350142	P. sativum subsp. sativum - Primary	0.00001	0.036671	0.00001	0.068084	0.636731	0.00001	0.00001	0.258474
SRR5350060	P. sativum	0.00001	0.271058	0.001749	0.00001	0.634552	0.00001	0.00001	0.092601
SRR5349863	P. sativum	0.00001	0.369298	0.00001	0.00001	0.630642	0.00001	0.00001	0.00001
SRR5350102	P. sativum	0.00001	0.35665	0.00001	0.00001	0.629358	0.00001	0.00001	0.013942
SRR5350177	P. sativum	0.00001	0.00001	0.047624	0.120438	0.627381	0.00001	0.00001	0.204516
SRR5350113	P. sativum subsp. sativum - Primary	0.00001	0.173726	0.00001	0.00001	0.625356	0.00001	0.00001	0.200868
SRR5349966	P. sativum subsp. sativum - Primary	0.000013	0.375247	0.00001	0.00001	0.624689	0.00001	0.00001	0.00001
SRR5349910	USDA-ARS	0.00001	0.036744	0.228809	0.066493	0.621074	0.046851	0.00001	0.00001
SRR5349962	P. sativum	0.00001	0.00001	0.00001	0.020228	0.621053	0.00001	0.00001	0.358669
SRR5349963	P. sativum subsp. sativum - Primary	0.00001	0.171609	0.02307	0.123083	0.616408	0.009022	0.03023	0.026568
SRR5350116	P. sativum	0.000013	0.00001	0.00001	0.019562	0.612145	0.00001	0.00001	0.368241
SRR5349965	P. sativum subsp. sativum - Primary	0.00001	0.00001	0.00001	0.036745	0.609951	0.00001	0.003501	0.349763
SRR5350078	P. sativum subsp. sativum - Primary	0.00001	0.322384	0.00001	0.00001	0.608635	0.00001	0.001642	0.067299
SRR5350051	P. sativum subsp. sativum - Primary	0.000606	0.174545	0.00001	0.00001	0.608473	0.00001	0.00001	0.216337
SRR5350076	P. sativum subsp. sativum - Primary	0.00001	0.00001	0.070068	0.00001	0.595477	0.00001	0.00001	0.334405
SRR5349967	P. sativum subsp. sativum - Primary	0.000015	0.40505	0.00001	0.00001	0.594885	0.00001	0.00001	0.00001
SRR5350148	P. sativum subsp. sativum - Primary	0.00001	0.00001	0.009618	0.254978	0.594008	0.000011	0.00001	0.141355
SRR5350055	P. sativum subsp. sativum - Primary	0.001482	0.027947	0.00001	0.034877	0.589627	0.00001	0.00001	0.346038
SRR5349971	P. sativum	0.00001	0.106041	0.00001	0.079595	0.584512	0.00001	0.024331	0.20549
SRR5350115	P. sativum subsp. sativum - Primary	0.00001	0.082435	0.00001	0.00001	0.582614	0.00001	0.00001	0.334902
SRR5350228	P. sativum	0.00001	0.032929	0.00001	0.058503	0.5677	0.009625	0.029512	0.30171
SRR5350082	P. sativum subsp. sativum - Primary	0.00001	0.063449	0.011522	0.114742	0.565313	0.00001	0.00001	0.244943
SRR5350088	P. sativum subsp. sativum - Primary	0.00001	0.001825	0.009464	0.053298	0.545963	0.00001	0.00001	0.38942
SRR5350026	P. sativum subsp. sativum - Primary	0.00001	0.00001	0.00001	0.00001	0.538833	0.00001	0.00001	0.461107
SRR5350109	P. sativum	0.00001	0.00001	0.00001	0.037172	0.533319	0.00001	0.00001	0.429458
SRR5349834	P. sativum	0.00001	0.259809	0.00001	0.008891	0.531001	0.01896	0.058417	0.122902
SRR5349952	P. sativum	0.00001	0.00001	0.00001	0.183628	0.525533	0.00001	0.00001	0.29079
SRR5349992	P. sativum subsp. sativum - Primary	0.00001	0.035627	0.00001	0.00001	0.52083	0.005902	0.021387	0.416224
SRR5350087	P. sativum	0.00001	0.177361	0.00001	0.161478	0.51302	0.00001	0.00001	0.148101
SRR5350063	P. sativum	0.006792	0.014257	0.012792	0.00001	0.507791	0.00001	0.00001	0.458337
SRR5349932	P. sativum	0.00001	0.00001	0.00001	0.00001	0.00001	0.99993	0.00001	0.00001
SRR5350064	P. sativum - Central Asia	0.00001	0.00001	0.00001	0.00001	0.00001	0.99993	0.00001	0.00001
SRR5350065	P. sativum - Central Asia	0.00001	0.00001	0.00001	0.00001	0.00001	0.99993	0.00001	0.00001
SRR5350133	P. sativum	0.00001	0.00001	0.00001	0.00001	0.00001	0.99993	0.00001	0.00001
SRR5350179	P. sativum - Central Asia	0.00001	0.00001	0.00001	0.00001	0.00001	0.99993	0.00001	0.00001
SRR5350186	P. sativum - Central Asia	0.00001	0.00001	0.00001	0.00001	0.00001	0.99993	0.00001	0.00001
SRR5350210	P. sativum - Central Asia	0.00001	0.00001	0.00001	0.00001	0.00001	0.99993	0.00001	0.00001
SRR5350127	P. sativum - Central Asia	0.000013	0.00001	0.00001	0.00001	0.00001	0.999927	0.00001	0.00001
SRR5350189	P. sativum - Central Asia	0.00001	0.00001	0.00001	0.000015	0.00001	0.999925	0.00001	0.00001
SRR5350128	P. sativum - Central Asia	0.000014	0.00001	0.00001	0.00001	0.000014	0.999922	0.00001	0.00001
SRR5350141	P. sativum - Central Asia	0.00001	0.00001	0.00001	0.00001	0.004119	0.995821	0.00001	0.00001
SRR5349930	P. sativum	0.00001	0.00001	0.00001	0.00001	0.00001	0.982907	0.017033	0.00001
SRR5350180	P. sativum - Central Asia	0.00001	0.00001	0.00001	0.00001	0.021456	0.978484	0.00001	0.00001
SRR5350131	P. sativum - Central Asia	0.00001	0.00001	0.00001	0.00001	0.02568	0.974255	0.000015	0.00001
SRR5349847	P. sativum	0.00001	0.00001	0.000018	0.00001	0.00001	0.974201	0.025731	0.00001
SRR5350184	P. sativum - Central Asia	0.00001	0.00001	0.00001	0.00001	0.00001	0.949372	0.050568	0.00001
SRR5350108	P. sativum - Central Asia	0.00001	0.00001	0.040693	0.00001	0.051018	0.908234	0.000014	0.00001
SRR5349931	P. sativum	0.00001	0.00001	0.00001	0.00001	0.00001	0.894146	0.105794	0.00001
SRR5350130	P. sativum - Central Asia	0.00001	0.00001	0.00001	0.037897	0.00001	0.783666	0.178387	0.00001
SRR5349828	P. sativum	0.00001	0.00001	0.234657	0.00001	0.00001	0.765283	0.00001	0.00001
SRR5350185	P. sativum	0.00001	0.00001	0.00001	0.00001	0.00001	0.724879	0.00001	0.275061
SRR5349808	P. sativum	0.00001	0.00001	0.277235	0.00001	0.00001	0.722705	0.00001	0.00001
SRR5350215	P. sativum - Central Asia	0.00001	0.00001	0.299249	0.00001	0.00001	0.700691	0.00001	0.00001
SRR5350203	P. sativum - Central Asia	0.00001	0.00001	0.00001	0.119154	0.00001	0.69021	0.190586	0.00001
SRR5349809	P. sativum	0.00001	0.00001	0.3469	0.00001	0.00001	0.65304	0.00001	0.00001
SRR5350202	P. sativum	0.00001	0.00001	0.126948	0.031034	0.00001	0.64418	0.080529	0.117278
SRR5350151	P. sativum	0.00001	0.00001	0.174322	0.00001	0.198813	0.626815	0.00001	0.00001
SRR5349995	P. sativum	0.00001	0.00001	0.000802	0.235146	0.00001	0.624894	0.111513	0.027615
SRR5349987	P. sativum	0.00001	0.00001	0.07352	0.00001	0.074844	0.617823	0.00001	0.233774
SRR5349824	P. sativum	0.00001	0.00001	0.448894	0.00001	0.00001	0.551046	0.00001	0.00001
SRR5350204	P. sativum	0.00001	0.00001	0.00001	0.264529	0.00001	0.536253	0.143333	0.055845
SRR5349948	P. sativum	0.00001	0.00001	0.00001	0.00001	0.00001	0.00001	0.99993	0.00001
SRR5350008	P. sativum subsp. elatius	0.00001	0.00001	0.00001	0.00001	0.00001	0.00001	0.99993	0.00001
SRR5350003	P. sativum subsp. elatius	0.002621	0.00001	0.00001	0.00001	0.00001	0.00001	0.997319	0.00001
SRR5350000	P. sativum subsp. elatius	0.00001	0.00001	0.00001	0.00001	0.005713	0.00001	0.994227	0.00001
SRR5349938	P. sativum subsp. elatius	0.017963	0.00001	0.00001	0.00001	0.00001	0.00001	0.981977	0.00001
SRR5349998	P. sativum subsp. elatius	0.027101	0.00001	0.00001	0.00001	0.00001	0.00001	0.972839	0.00001
SRR5349997	P. sativum subsp. elatius	0.028927	0.00001	0.00001	0.00001	0.019225	0.00001	0.951798	0.00001
SRR5349999	P. sativum subsp. elatius	0.002665	0.00001	0.00001	0.00001	0.064058	0.00001	0.933227	0.00001
SRR5349843	P. sativum subsp. elatius	0.102458	0.00001	0.00001	0.00001	0.00001	0.00001	0.897482	0.00001
SRR5349842	P. sativum subsp. elatius	0.129308	0.00001	0.000012	0.00001	0.00001	0.00002	0.87062	0.00001
SRR5349836	P. sativum	0.088487	0.00001	0.00001	0.00001	0.00001	0.048531	0.862931	0.00001
SRR5349853	P. sativum subsp. abyssinicum	0.091462	0.00001	0.00001	0.00001	0.049975	0.005197	0.853326	0.00001
SRR5349937	P. sativum	0.181535	0.00001	0.00001	0.00001	0.00001	0.00001	0.818405	0.00001
SRR5350002	P. sativum subsp. elatius	0.00001	0.00001	0.00001	0.10726	0.00001	0.00001	0.81675	0.07594
SRR5350067	P. sativum subsp. elatius	0.00001	0.00001	0.00001	0.015999	0.00001	0.00001	0.80848	0.175471
SRR5350080	P. sativum subsp. abyssinicum	0.07512	0.00001	0.00001	0.00001	0.130758	0.00001	0.794072	0.00001
SRR5350006	P. sativum subsp. elatius	0.00001	0.00001	0.00001	0.094167	0.00001	0.121803	0.78398	0.00001
SRR5349837	P. sativum	0.042441	0.00001	0.026173	0.106526	0.00001	0.059	0.765831	0.00001
SRR5349934	P. sativum	0.00001	0.00001	0.00001	0.166754	0.00001	0.068524	0.764672	0.00001
SRR5349980	P. sativum subsp. abyssinicum	0.039386	0.00001	0.00001	0.00001	0.248406	0.00001	0.712159	0.00001
SRR5349844	P. sativum	0.00001	0.00001	0.022478	0.185523	0.00001	0.085432	0.706527	0.00001
SRR5349940	P. sativum subsp. elatius	0.00001	0.00001	0.00001	0.076166	0.091964	0.00001	0.608422	0.223409
SRR5349933	P. sativum	0.00001	0.00001	0.00001	0.319018	0.00001	0.130506	0.550426	0.00001
SRR5350192	P. sativum subsp. sativum - Primary	0.00001	0.00001	0.00001	0.00001	0.011755	0.00001	0.00001	0.988185
SRR5349996	P. sativum	0.00001	0.00001	0.00001	0.00001	0.101315	0.00001	0.00001	0.898625
SRR5350191	P. sativum	0.00001	0.00001	0.00001	0.00001	0.00001	0.088674	0.047334	0.863943
SRR5349994	P. sativum subsp. sativum - Primary	0.00001	0.00001	0.00001	0.00001	0.089989	0.073787	0.001605	0.834579
SRR5350205	P. sativum subsp. sativum - Primary	0.00001	0.028605	0.00724	0.099727	0.021543	0.00001	0.032191	0.810673
SRR5350206	P. sativum subsp. sativum - Primary	0.00001	0.096976	0.00001	0.057852	0.00001	0.00001	0.041914	0.803218
SRR5350194	P. sativum subsp. sativum - Primary	0.00001	0.068032	0.00001	0.00001	0.00001	0.130947	0.00001	0.80097
SRR5350157	P. sativum subsp. sativum - Primary	0.00001	0.01424	0.00001	0.00001	0.090607	0.104552	0.00001	0.790561
SRR5350218	OSU	0.00001	0.230617	0.00001	0.00001	0.00001	0.00001	0.00001	0.769323
SRR5349985	P. sativum	0.00001	0.00001	0.00001	0.00001	0.115784	0.115353	0.010183	0.75864
SRR5350132	P. sativum subsp. sativum - Primary	0.00001	0.00001	0.060225	0.06098	0.111405	0.005696	0.018446	0.743228
SRR5350155	P. sativum subsp. sativum - Primary	0.00001	0.00001	0.012267	0.048545	0.195286	0.00001	0.004052	0.73982
SRR5350009	P. sativum subsp. sativum - Primary	0.00001	0.192697	0.00001	0.048833	0.019467	0.00001	0.00001	0.738963
SRR5350212	P. sativum subsp. sativum - Primary	0.00001	0.024167	0.017173	0.058296	0.00001	0.143958	0.019094	0.737291
SRR5349993	P. sativum	0.00001	0.00001	0.00001	0.00001	0.207867	0.055625	0.00001	0.736458
SRR5349986	P. sativum	0.00001	0.00001	0.00001	0.00001	0.24702	0.021038	0.00001	0.731892
SRR5350161	P. sativum	0.00001	0.00001	0.061198	0.00001	0.04407	0.169181	0.00001	0.72551
SRR5350052	P. sativum subsp. sativum - Primary	0.00001	0.00001	0.030283	0.021029	0.225881	0.00001	0.00001	0.722767
SRR5350010	P. sativum subsp. sativum - Primary	0.00001	0.153425	0.00001	0.033849	0.098498	0.00001	0.00001	0.714188
SRR5349982	P. sativum subsp. sativum - Primary	0.00001	0.00001	0.00001	0.00001	0.179113	0.113003	0.00001	0.707834
SRR5350160	P. sativum subsp. sativum - Primary	0.00001	0.00001	0.00001	0.00001	0.161672	0.132074	0.00001	0.706204
SRR5349984	P. sativum subsp. sativum - Primary	0.00001	0.00001	0.00001	0.00001	0.193453	0.10188	0.00001	0.704617
SRR5350158	P. sativum subsp. sativum - Primary	0.00001	0.00001	0.00001	0.102921	0.195384	0.00001	0.00001	0.701645
SRR5350079	P. sativum	0.00001	0.00001	0.00001	0.00001	0.29897	0.00001	0.000356	0.700624
SRR5350029	P. sativum subsp. sativum - Primary	0.00001	0.097991	0.00001	0.00001	0.203971	0.00001	0.00001	0.697987
SRR5350190	P. sativum	0.00001	0.00001	0.00001	0.234549	0.00001	0.022924	0.062907	0.67958
SRR5349991	P. sativum subsp. sativum - Primary	0.00001	0.00001	0.00001	0.00001	0.296959	0.026966	0.00001	0.676025
SRR5350024	P. sativum subsp. sativum - Primary	0.00001	0.00001	0.03378	0.057231	0.223391	0.016119	0.00001	0.669449
SRR5349988	P. sativum subsp. sativum - Primary	0.00001	0.00001	0.022423	0.00001	0.305874	0.011712	0.00001	0.65995
SRR5350154	P. sativum subsp. sativum - Primary	0.00001	0.00001	0.017643	0.09788	0.215889	0.012024	0.00001	0.656534
SRR5350066	P. sativum	0.00001	0.00001	0.00001	0.19934	0.083977	0.00001	0.06205	0.654592
SRR5350004	P. sativum subsp. sativum - Primary	0.00001	0.08287	0.00001	0.184532	0.023622	0.00001	0.055696	0.65325
SRR5349839	P. sativum	0.000018	0.195826	0.007428	0.00001	0.147404	0.00001	0.00001	0.649294
SRR5350106	P. sativum subsp. sativum - Primary	0.00001	0.00001	0.00001	0.02194	0.264063	0.069721	0.00001	0.644236
SRR5349841	P. sativum	0.00001	0.172	0.068769	0.00001	0.119805	0.00001	0.00001	0.639386
SRR5350156	P. sativum subsp. sativum - Primary	0.00001	0.00001	0.00001	0.00001	0.285066	0.07709	0.00001	0.637795
SRR5350174	P. sativum	0.00001	0.00001	0.00001	0.00001	0.00001	0.336967	0.027112	0.635871
SRR5350195	P. sativum subsp. sativum - Primary	0.00001	0.00001	0.00001	0.134169	0.00001	0.069504	0.165211	0.631077
SRR5349838	P. sativum	0.00001	0.086876	0.00001	0.00001	0.282752	0.00001	0.00001	0.630323
SRR5349978	P. sativum	0.00001	0.00001	0.000013	0.00001	0.30411	0.066126	0.00001	0.62971
SRR5350159	P. sativum subsp. sativum - Primary	0.00001	0.00001	0.00001	0.00001	0.27034	0.101664	0.00001	0.627946
SRR5349840	P. sativum	0.00001	0.09825	0.018519	0.00001	0.240085	0.00001	0.016004	0.627112
SRR5349974	P. sativum subsp. sativum - Primary	0.00001	0.069227	0.00001	0.00001	0.30377	0.00001	0.00001	0.626953
SRR5350188	P. sativum subsp. sativum - Primary	0.00001	0.052644	0.00001	0.064936	0.262684	0.00001	0.00001	0.619696
SRR5350209	P. sativum	0.000011	0.02353	0.00001	0.240441	0.101643	0.00001	0.026031	0.608323
SRR5350018	P. sativum	0.00001	0.00001	0.00001	0.096968	0.00001	0.157166	0.139105	0.606722
SRR5349849	P. sativum subsp. elatius	0.00001	0.116738	0.00001	0.157807	0.105884	0.00001	0.015939	0.603602
SRR5349945	P. sativum subsp. sativum - Primary	0.00001	0.025991	0.00001	0.156125	0.213951	0.00001	0.000374	0.603529
SRR5350056	P. sativum subsp. sativum - Primary	0.00001	0.015324	0.00001	0.102878	0.27752	0.00001	0.000917	0.603331
SRR5350028	P. sativum subsp. sativum - Primary	0.00001	0.00001	0.00001	0.00001	0.400878	0.00001	0.00001	0.599062
SRR5350099	P. sativum	0.00001	0.088248	0.00001	0.018524	0.299515	0.00001	0.00001	0.593674
SRR5350199	P. sativum subsp. sativum - Primary	0.00001	0.054566	0.00001	0.24521	0.032889	0.00001	0.075978	0.591327
SRR5350059	P. sativum subsp. sativum - Primary	0.00001	0.03612	0.00001	0.107491	0.198818	0.070161	0.00001	0.58738
SRR5350104	P. sativum	0.00001	0.246077	0.00001	0.044466	0.123037	0.00001	0.00001	0.58638
SRR5350119	P. sativum subsp. sativum - Primary	0.00001	0.156673	0.00001	0.115254	0.098156	0.00001	0.044435	0.585453
SRR5350030	P. sativum	0.00001	0.00001	0.00001	0.067555	0.348347	0.00001	0.00001	0.584048
SRR5349979	P. sativum	0.00001	0.00001	0.00001	0.055048	0.387517	0.00001	0.00001	0.557384
SRR5350193	P. sativum	0.00001	0.00001	0.00001	0.00001	0.00001	0.451119	0.00001	0.548821
SRR5350017	P. sativum subsp. sativum - Primary	0.000015	0.006037	0.00001	0.076029	0.370455	0.00001	0.00001	0.547433
SRR5349981	P. sativum	0.00001	0.011701	0.001334	0.058458	0.372609	0.010058	0.00001	0.54582
SRR5350150	P. sativum subsp. sativum - Primary	0.00001	0.00001	0.00001	0.272266	0.162168	0.00001	0.019859	0.545667
SRR5350196	P. sativum subsp. sativum - Primary	0.00001	0.00001	0.00001	0.303402	0.158001	0.00001	0.010388	0.52817
SRR5350183	P. sativum subsp. sativum - Primary	0.00001	0.064183	0.00001	0.204273	0.111067	0.018792	0.074533	0.527132
SRR5350035	P. sativum	0.00001	0.00001	0.081992	0.006669	0.38775	0.00001	0.00001	0.523548
SRR5350211	P. sativum subsp. sativum - Primary	0.00001	0.05848	0.059019	0.00001	0.34549	0.017088	0.00001	0.519893
SRR5350162	P. sativum	0.00001	0.10132	0.005771	0.030785	0.348033	0.00001	0.00001	0.514061
SRR5350097	P. sativum subsp. sativum - Primary	0.00001	0.11693	0.00001	0.00001	0.374642	0.00001	0.00001	0.508378
SRR5350200	P. sativum subsp. sativum - Primary	0.000016	0.447659	0.00001	0.04948	0.001385	0.00001	0.00001	0.501431
SRR5349977	P. sativum subsp. sativum - Primary	0.000017	0.019377	0.00001	0.051604	0.42894	0.00001	0.00001	0.500033
SRR5350138	P. sativum subsp. sativum - Primary	0.00001	0.174374	0.00001	0.123738	0.151357	0.00001	0.050946	0.499556
SRR5350107	P. sativum	0.000015	0.00001	0.220843	0.00001	0.281351	0.00001	0.00001	0.497751
SRR5350046	P. sativum	0.002841	0.00001	0.00001	0.229765	0.218119	0.03134	0.022056	0.495858
SRR5350201	P. sativum subsp. sativum - Primary	0.00001	0.332776	0.00001	0.105124	0.00001	0.007123	0.061884	0.493063
SRR5350114	P. sativum subsp. sativum - Primary	0.00001	0.005236	0.00001	0.045392	0.448528	0.00001	0.010076	0.490738
SRR5350140	P. sativum	0.00001	0.00001	0.00001	0.042177	0.474101	0.00001	0.00001	0.483672
SRR5350117	P. sativum	0.00001	0.05284	0.00001	0.10612	0.019123	0.225089	0.124779	0.472029
SRR5350071	P. sativum subsp. sativum - Primary	0.000012	0.00001	0.088246	0.023341	0.425476	0.00001	0.00001	0.462894
SRR5349949	P. sativum subsp. sativum - Primary	0.001716	0.091509	0.008608	0.070098	0.356344	0.00001	0.009194	0.462521
SRR5350187	P. sativum	0.00001	0.010848	0.068044	0.346207	0.054285	0.017353	0.043564	0.459689
SRR5350213	P. sativum	0.00001	0.011987	0.00001	0.486627	0.013348	0.00001	0.028565	0.459443
SRR5350134	P. sativum subsp. sativum - Primary	0.00001	0.159371	0.00001	0.185032	0.101154	0.00001	0.096365	0.458048
SRR5350121	P. sativum subsp. sativum - Primary	0.00001	0.108773	0.033018	0.100963	0.259038	0.032425	0.009327	0.456447
SRR5350124	P. sativum subsp. sativum - Primary	0.00001	0.082192	0.080495	0.00001	0.38961	0.00001	0.00001	0.447663
SRR5350034	P. sativum subsp. sativum - Primary	0.00001	0.00001	0.222916	0.00001	0.3337	0.00001	0.00001	0.443334
SRR5350207	P. sativum subsp. sativum - Primary	0.00001	0.031875	0.024833	0.080805	0.424422	0.00001	0.00001	0.438034
SRR5350143	P. sativum subsp. sativum - Primary	0.00001	0.015262	0.00001	0.195907	0.322512	0.006096	0.031738	0.428465
SRR5350208	P. sativum	0.00001	0.025901	0.00001	0.387306	0.115582	0.00001	0.058611	0.412569
SRR5349935	USDA-ARS	0.00001	0.204162	0.00001	0.164214	0.161812	0.00001	0.064631	0.40515
SRR5349803	P. sativum	0.00001	0.092726	0.18459	0.00001	0.324662	0.00001	0.00001	0.397981
SRR5350165	P. sativum	0.000015	0.076005	0.002274	0.176271	0.347391	0.00001	0.00358	0.394454
SRR5350137	P. sativum	0.00001	0.004852	0.00001	0.468675	0.11727	0.0118	0.014629	0.382754
SRR5349939	P. sativum subsp. elatius	0.00001	0.00001	0.00001	0.093902	0.18282	0.00001	0.342724	0.380513
SRR5350095	P. sativum	0.00001	0.00001	0.019674	0.426628	0.180688	0.00001	0.00001	0.372971
SRR5349941	P. sativum	0.00001	0.028564	0.00001	0.425395	0.112859	0.00001	0.06744	0.365712
SRR5350042	P. sativum subsp. sativum - Primary	0.000012	0.074002	0.006356	0.383176	0.133398	0.00001	0.042354	0.360692
SRR5350149	P. sativum	0.00001	0.00001	0.00001	0.466924	0.172629	0.00001	0.00001	0.360396
SRR5349929	P. sativum subsp. elatius	0.00001	0.006612	0.00001	0.269532	0.00001	0.063065	0.301314	0.359448
SRR5350197	P. sativum	0.00001	0.215224	0.00001	0.328657	0.036799	0.00001	0.061496	0.357794
SRR5350176	P. sativum	0.00001	0.00001	0.039265	0.276693	0.316019	0.00001	0.010413	0.35758
SRR5350075	P. sativum	0.000019	0.051705	0.063014	0.354748	0.144846	0.00001	0.028356	0.357302
SRR5349950	P. sativum subsp. sativum - Primary	0.00001	0.00001	0.237331	0.042476	0.366903	0.00001	0.00001	0.353251
SRR5350069	P. sativum	0.00001	0.066311	0.00001	0.493004	0.090242	0.00001	0.00001	0.350403
SRR5349903	USDA-ARS	0.00001	0.05709	0.00001	0.36234	0.046397	0.003416	0.183139	0.347599
SRR5350005	P. sativum	0.00001	0.00001	0.004317	0.386671	0.209476	0.00001	0.054634	0.344872
SRR5350050	P. sativum	0.00001	0.00001	0.00001	0.410043	0.22776	0.00001	0.023993	0.338165
SRR5350043	P. sativum	0.00001	0.00001	0.00001	0.421518	0.139406	0.00001	0.107829	0.331208
SRR5350045	P. sativum	0.00001	0.002089	0.00001	0.426864	0.204221	0.00001	0.038086	0.32871
SRR5350089	P. sativum subsp. sativum - Primary	0.00001	0.024739	0.00001	0.175102	0.497382	0.00001	0.00001	0.302737
SRR5350136	P. sativum	0.00001	0.00001	0.097355	0.260041	0.181899	0.157661	0.000414	0.30261
SRR5350147	P. sativum	0.00001	0.00001	0.00001	0.298022	0.413131	0.00001	0.00001	0.288797
