SRR5349799	P. sativum	0.9999	0.00001	0.00001	0.00001	0.00001	0.00001	0.00001	0.00001	0.00001	0.00001	0.00001
SRR5349811	P. sativum	0.9999	0.00001	0.00001	0.00001	0.00001	0.00001	0.00001	0.00001	0.00001	0.00001	0.00001
SRR5349813	P. sativum	0.9999	0.00001	0.00001	0.00001	0.00001	0.00001	0.00001	0.00001	0.00001	0.00001	0.00001
SRR5349818	P. sativum	0.9999	0.00001	0.00001	0.00001	0.00001	0.00001	0.00001	0.00001	0.00001	0.00001	0.00001
SRR5349819	P. sativum	0.9999	0.00001	0.00001	0.00001	0.00001	0.00001	0.00001	0.00001	0.00001	0.00001	0.00001
SRR5349820	P. sativum	0.9999	0.00001	0.00001	0.00001	0.00001	0.00001	0.00001	0.00001	0.00001	0.00001	0.00001
SRR5349827	P. sativum	0.9999	0.00001	0.00001	0.00001	0.00001	0.00001	0.00001	0.00001	0.00001	0.00001	0.00001
SRR5349823	P. sativum	0.99989	0.00001	0.000011	0.00001	0.00001	0.00001	0.00001	0.00001	0.000019	0.00001	0.00001
SRR5349829	P. sativum	0.903409	0.000011	0.00001	0.00001	0.00001	0.00001	0.0965	0.00001	0.00001	0.00001	0.00001
SRR5349816	P. sativum	0.895254	0.00001	0.00001	0.00001	0.00001	0.00001	0.104656	0.00001	0.00001	0.00001	0.00001
SRR5349812	P. sativum	0.885242	0.00001	0.00001	0.00001	0.00001	0.00001	0.114668	0.00001	0.00001	0.00001	0.00001
SRR5349825	P. sativum	0.880249	0.00001	0.00001	0.00001	0.00001	0.00001	0.119661	0.00001	0.00001	0.00001	0.00001
SRR5349810	P. sativum	0.857905	0.00001	0.00001	0.00001	0.00001	0.00001	0.10622	0.00001	0.00001	0.00001	0.035795
SRR5349821	P. sativum	0.84806	0.00001	0.00001	0.00001	0.00001	0.00001	0.151849	0.00001	0.00001	0.00001	0.00001
SRR5349833	P. sativum	0.840215	0.00001	0.00001	0.00001	0.00001	0.00001	0.00001	0.00001	0.00001	0.00001	0.159695
SRR5349815	P. sativum	0.83202	0.00001	0.00001	0.00001	0.00001	0.00001	0.167889	0.00001	0.00001	0.00001	0.00001
SRR5349802	P. sativum	0.826631	0.00001	0.00001	0.00001	0.00001	0.00001	0.00001	0.00001	0.054419	0.00001	0.118869
SRR5349807	P. sativum	0.826328	0.00001	0.00001	0.00001	0.00001	0.00001	0.00001	0.00001	0.061202	0.00001	0.11239
SRR5349805	P. sativum	0.812161	0.00001	0.00001	0.00001	0.00001	0.01381	0.00001	0.00001	0.040506	0.00001	0.133452
SRR5349801	P. sativum	0.795998	0.00001	0.00001	0.00001	0.000011	0.00001	0.00001	0.00001	0.000015	0.00001	0.203906
SRR5349826	P. sativum	0.790557	0.00001	0.00001	0.00001	0.00001	0.00001	0.209353	0.00001	0.00001	0.00001	0.00001
SRR5349822	P. sativum	0.786459	0.00001	0.00001	0.00001	0.00001	0.000013	0.147185	0.00001	0.066272	0.00001	0.00001
SRR5350007	P. sativum subsp. elatius	0.689873	0.00001	0.00001	0.00001	0.00001	0.00001	0.207621	0.00001	0.102426	0.00001	0.00001
SRR5349830	P. sativum	0.685372	0.00001	0.00001	0.00001	0.00001	0.00001	0.000016	0.00001	0.00001	0.00001	0.314532
SRR5349832	P. sativum	0.65758	0.00001	0.00001	0.00001	0.00001	0.00001	0.34233	0.00001	0.00001	0.00001	0.00001
SRR5349800	P. sativum	0.637387	0.00001	0.00001	0.00001	0.00001	0.00001	0.128916	0.00001	0.00001	0.00001	0.233617
SRR5349804	P. sativum	0.623631	0.00001	0.00001	0.124907	0.00001	0.064084	0.00001	0.00001	0.143059	0.00001	0.04426
SRR5349831	P. sativum	0.616629	0.00001	0.00001	0.00001	0.00001	0.00001	0.383281	0.00001	0.00001	0.00001	0.00001
SRR5349814	P. sativum	0.610169	0.00001	0.00001	0.00001	0.00001	0.00001	0.00001	0.00001	0.00001	0.00001	0.389741
SRR5350214	P. sativum	0.547767	0.00001	0.00001	0.00001	0.00001	0.315644	0.085619	0.00001	0.050901	0.00001	0.00001
SRR5349843	P. sativum subsp. elatius	0.00001	0.9999	0.00001	0.00001	0.00001	0.00001	0.00001	0.00001	0.00001	0.00001	0.00001
SRR5349980	P. sativum subsp. abyssinicum	0.00001	0.9999	0.00001	0.00001	0.00001	0.00001	0.00001	0.00001	0.00001	0.00001	0.00001
SRR5350080	P. sativum subsp. abyssinicum	0.00001	0.9999	0.00001	0.00001	0.00001	0.00001	0.00001	0.00001	0.00001	0.00001	0.00001
SRR5349842	P. sativum subsp. elatius	0.00001	0.999899	0.00001	0.000011	0.00001	0.00001	0.00001	0.00001	0.00001	0.00001	0.00001
SRR5349853	P. sativum subsp. abyssinicum	0.00001	0.999889	0.00001	0.000011	0.00001	0.000019	0.00001	0.00001	0.00001	0.00001	0.00001
SRR5349845	P. sativum	0.00001	0.595948	0.057407	0.266243	0.00001	0.00001	0.026009	0.00001	0.029516	0.024827	0.00001
SRR5349937	P. sativum	0.00001	0.584056	0.00001	0.00001	0.00001	0.00001	0.00001	0.415854	0.00001	0.00001	0.00001
SRR5349933	P. sativum	0.00001	0.576248	0.06726	0.2494	0.00001	0.012187	0.015165	0.00001	0.016312	0.063386	0.00001
SRR5349846	P. sativum	0.023155	0.574154	0.071963	0.210962	0.00001	0.02445	0.00001	0.00001	0.023242	0.072033	0.00001
SRR5350006	P. sativum subsp. elatius	0.00001	0.545072	0.033614	0.198734	0.00001	0.00001	0.102658	0.00001	0.014182	0.103275	0.002424
SRR5349860	P. sativum	0.00001	0.00001	0.9999	0.00001	0.00001	0.00001	0.00001	0.00001	0.00001	0.00001	0.00001
SRR5349925	P. sativum	0.00001	0.00001	0.9999	0.00001	0.00001	0.00001	0.00001	0.00001	0.00001	0.00001	0.00001
SRR5349956	P. sativum	0.00001	0.00001	0.9999	0.00001	0.00001	0.00001	0.00001	0.00001	0.00001	0.00001	0.00001
SRR5349983	P. sativum	0.00001	0.00001	0.9999	0.00001	0.00001	0.00001	0.00001	0.00001	0.00001	0.00001	0.00001
SRR5350014	P. sativum	0.00001	0.00001	0.9999	0.00001	0.00001	0.00001	0.00001	0.00001	0.00001	0.00001	0.00001
SRR5350032	P. sativum	0.00001	0.00001	0.9999	0.00001	0.00001	0.00001	0.00001	0.00001	0.00001	0.00001	0.00001
SRR5350164	P. sativum	0.00001	0.00001	0.9999	0.00001	0.00001	0.00001	0.00001	0.00001	0.00001	0.00001	0.00001
SRR5349972	P. sativum	0.00001	0.00001	0.999897	0.00001	0.00001	0.00001	0.00001	0.000013	0.00001	0.00001	0.00001
SRR5350016	P. sativum	0.00001	0.00001	0.99989	0.000013	0.00001	0.000017	0.00001	0.00001	0.00001	0.00001	0.00001
SRR5350021	P. sativum	0.00001	0.00001	0.999884	0.000018	0.00001	0.00001	0.000018	0.00001	0.00001	0.00001	0.00001
SRR5350022	P. sativum	0.00001	0.00001	0.996272	0.00001	0.00001	0.003638	0.00001	0.00001	0.00001	0.00001	0.00001
SRR5349943	P. sativum	0.00001	0.00001	0.838488	0.161422	0.00001	0.00001	0.00001	0.00001	0.00001	0.00001	0.00001
SRR5349970	P. sativum	0.00001	0.000017	0.801615	0.00001	0.00001	0.198288	0.00001	0.00001	0.00001	0.00001	0.00001
SRR5350072	P. sativum	0.00001	0.00001	0.717306	0.282604	0.00001	0.00001	0.00001	0.00001	0.00001	0.00001	0.00001
SRR5349928	P. sativum	0.00001	0.000014	0.675959	0.00001	0.00001	0.323947	0.00001	0.00001	0.00001	0.00001	0.00001
SRR5349944	P. sativum	0.06925	0.00001	0.661365	0.104711	0.00001	0.00001	0.065347	0.00001	0.00001	0.00001	0.099267
SRR5349926	P. sativum	0.00001	0.00001	0.652269	0.00001	0.00001	0.347641	0.00001	0.00001	0.00001	0.00001	0.00001
SRR5349946	P. sativum	0.040287	0.00001	0.643667	0.20205	0.00001	0.000288	0.063034	0.00001	0.050624	0.00001	0.00001
SRR5350070	P. sativum	0.00001	0.00001	0.635474	0.187566	0.00001	0.176879	0.00001	0.00001	0.00001	0.00001	0.00001
SRR5349861	P. sativum	0.00001	0.00001	0.566916	0.39297	0.00001	0.020135	0.00001	0.00001	0.019908	0.00001	0.00001
SRR5349927	P. sativum	0.00001	0.00001	0.556088	0.245524	0.00001	0.154789	0.00001	0.00001	0.043528	0.00001	0.00001
SRR5349852	P. sativum subsp. elatius	0.00001	0.00001	0.00001	0.9999	0.00001	0.00001	0.00001	0.00001	0.00001	0.00001	0.00001
SRR5350092	P. sativum	0.00001	0.00001	0.00001	0.9999	0.00001	0.00001	0.00001	0.00001	0.00001	0.00001	0.00001
SRR5350118	P. sativum	0.00001	0.00001	0.00001	0.9999	0.00001	0.00001	0.00001	0.00001	0.00001	0.00001	0.00001
SRR5350129	P. sativum	0.00001	0.00001	0.00001	0.9999	0.00001	0.00001	0.00001	0.00001	0.00001	0.00001	0.00001
SRR5350146	P. sativum	0.00001	0.00001	0.00001	0.9999	0.00001	0.00001	0.00001	0.00001	0.00001	0.00001	0.00001
SRR5350153	P. sativum	0.00001	0.00001	0.00001	0.9999	0.00001	0.00001	0.00001	0.00001	0.00001	0.00001	0.00001
SRR5350213	P. sativum	0.00001	0.00001	0.00001	0.9999	0.00001	0.00001	0.00001	0.00001	0.00001	0.00001	0.00001
SRR5350135	P. sativum	0.00001	0.00001	0.00001	0.999899	0.00001	0.00001	0.00001	0.00001	0.00001	0.000011	0.00001
SRR5350145	P. sativum	0.00001	0.00001	0.00725	0.99266	0.00001	0.00001	0.00001	0.00001	0.00001	0.00001	0.00001
SRR5350149	P. sativum	0.00001	0.00001	0.00001	0.99257	0.00001	0.00001	0.00001	0.00001	0.00734	0.00001	0.00001
SRR5350137	P. sativum	0.00001	0.00001	0.00001	0.984649	0.00001	0.00001	0.00001	0.00001	0.015261	0.00001	0.00001
SRR5350095	P. sativum	0.00001	0.00001	0.00001	0.977316	0.00001	0.022594	0.00001	0.00001	0.00001	0.00001	0.00001
SRR5349958	P. sativum	0.00001	0.00001	0.00001	0.9731	0.00001	0.02681	0.00001	0.00001	0.00001	0.00001	0.00001
SRR5350044	P. sativum	0.00001	0.00001	0.023781	0.970657	0.00001	0.005481	0.00001	0.00001	0.00001	0.00001	0.00001
SRR5349954	P. sativum	0.00001	0.00001	0.00001	0.969305	0.00001	0.030605	0.00001	0.00001	0.00001	0.00001	0.00001
SRR5350031	P. sativum	0.00001	0.00001	0.037043	0.950684	0.00001	0.00001	0.00001	0.00001	0.012192	0.00001	0.00001
SRR5350077	P. sativum	0.00001	0.00001	0.00001	0.931209	0.00001	0.067714	0.00001	0.00001	0.000997	0.00001	0.00001
SRR5350152	P. sativum	0.00001	0.00001	0.083661	0.916249	0.00001	0.00001	0.00001	0.00001	0.00001	0.00001	0.00001
SRR5349968	P. sativum	0.00001	0.00001	0.00001	0.903124	0.00001	0.096786	0.00001	0.00001	0.00001	0.00001	0.00001
SRR5350048	P. sativum	0.00001	0.00001	0.00001	0.899462	0.00001	0.100448	0.00001	0.00001	0.00001	0.00001	0.00001
SRR5350100	P. sativum	0.00001	0.00001	0.060635	0.892976	0.00001	0.00001	0.00001	0.00001	0.00001	0.046309	0.00001
SRR5349969	P. sativum	0.00001	0.000011	0.080442	0.889621	0.00001	0.00001	0.00001	0.000012	0.00001	0.029855	0.00001
SRR5350081	P. sativum	0.00001	0.00001	0.00001	0.880173	0.00001	0.119737	0.00001	0.00001	0.00001	0.00001	0.00001
SRR5350171	P. sativum	0.00001	0.00001	0.036405	0.855685	0.00001	0.074713	0.00001	0.00001	0.010083	0.023054	0.00001
SRR5350020	P. sativum	0.00001	0.00001	0.08459	0.845783	0.00001	0.00001	0.00001	0.00001	0.032739	0.036818	0.00001
SRR5349957	P. sativum	0.00001	0.00001	0.00001	0.826507	0.00001	0.00001	0.00001	0.00001	0.173403	0.00001	0.00001
SRR5350019	P. sativum	0.00001	0.00001	0.00001	0.823852	0.00001	0.144703	0.00001	0.00001	0.031365	0.00001	0.00001
SRR5350144	P. sativum	0.00001	0.00001	0.00001	0.819131	0.00001	0.154888	0.00001	0.00001	0.025902	0.00001	0.00001
SRR5349942	P. sativum	0.00001	0.00001	0.038465	0.80283	0.00001	0.111682	0.00001	0.00001	0.016599	0.030364	0.00001
SRR5350012	P. sativum	0.00001	0.00001	0.00001	0.73645	0.00001	0.142784	0.00001	0.00001	0.120687	0.00001	0.00001
SRR5349857	P. sativum subsp. elatius	0.00001	0.043377	0.00001	0.735194	0.00001	0.00001	0.062941	0.04878	0.007436	0.081902	0.020331
SRR5350085	P. sativum	0.00001	0.00001	0.171253	0.730144	0.00001	0.098524	0.00001	0.00001	0.00001	0.00001	0.00001
SRR5349856	P. sativum subsp. elatius	0.00001	0.071141	0.00001	0.725677	0.00001	0.00001	0.069496	0.076411	0.00001	0.057215	0.00001
SRR5350050	P. sativum	0.00001	0.00001	0.00336	0.716935	0.00001	0.244524	0.00001	0.00001	0.00001	0.00001	0.035111
SRR5350147	P. sativum	0.00001	0.00001	0.00001	0.71613	0.00001	0.28378	0.00001	0.00001	0.00001	0.00001	0.00001
SRR5350075	P. sativum	0.022796	0.00001	0.02335	0.713284	0.00001	0.068405	0.00001	0.00001	0.080153	0.00001	0.091962
SRR5350094	P. sativum	0.00001	0.00001	0.134854	0.697294	0.00001	0.00001	0.00001	0.00001	0.034007	0.133776	0.00001
SRR5350148	P. sativum subsp. sativum - Primary	0.00001	0.00001	0.000012	0.693621	0.00001	0.306286	0.00001	0.00001	0.00001	0.00001	0.00001
SRR5350045	P. sativum	0.00001	0.00001	0.036841	0.677816	0.00001	0.285263	0.00001	0.00001	0.00001	0.00001	0.00001
SRR5350042	P. sativum subsp. sativum - Primary	0.00001	0.00001	0.021714	0.663338	0.00001	0.176667	0.00001	0.00001	0.067356	0.00001	0.070866
SRR5350208	P. sativum	0.00001	0.00001	0.054251	0.652345	0.00001	0.12387	0.00001	0.00001	0.061358	0.00001	0.108116
SRR5350136	P. sativum	0.062534	0.00001	0.00001	0.647735	0.00001	0.130039	0.15962	0.00001	0.00001	0.00001	0.00001
SRR5350005	P. sativum	0.00001	0.00001	0.018148	0.647051	0.00001	0.329034	0.00001	0.00001	0.00001	0.00001	0.005696
SRR5350125	P. sativum	0.00001	0.00001	0.032718	0.626914	0.00001	0.00001	0.058816	0.00001	0.072857	0.205206	0.00344
SRR5350168	P. sativum	0.00001	0.00001	0.099291	0.613017	0.00001	0.283288	0.00001	0.00001	0.00001	0.00001	0.004333
SRR5349941	P. sativum	0.00001	0.00001	0.055209	0.612356	0.00001	0.192358	0.00001	0.00001	0.037919	0.002349	0.099759
SRR5350126	P. sativum	0.010978	0.00001	0.00001	0.604722	0.00001	0.00001	0.344463	0.00001	0.014526	0.025251	0.00001
SRR5350150	P. sativum subsp. sativum - Primary	0.00001	0.00001	0.00001	0.603903	0.00001	0.240516	0.00001	0.00001	0.00001	0.00001	0.155501
SRR5349945	P. sativum subsp. sativum - Primary	0.00001	0.00001	0.00001	0.59892	0.00001	0.214221	0.00001	0.00001	0.042856	0.00001	0.143933
SRR5350197	P. sativum	0.00001	0.00001	0.00001	0.593419	0.00001	0.172331	0.00001	0.00001	0.23417	0.00001	0.00001
SRR5350163	P. sativum	0.314219	0.00001	0.020283	0.591204	0.00001	0.074224	0.00001	0.00001	0.00001	0.00001	0.00001
SRR5350209	P. sativum	0.00001	0.00001	0.003974	0.585587	0.00001	0.186805	0.00001	0.00001	0.009317	0.00001	0.214256
SRR5350176	P. sativum	0.00001	0.00001	0.0166	0.57672	0.00001	0.27459	0.00001	0.00001	0.00001	0.00001	0.13202
SRR5350030	P. sativum	0.00001	0.00001	0.00001	0.570444	0.00001	0.216808	0.00001	0.00001	0.040187	0.00001	0.172491
SRR5349977	P. sativum subsp. sativum - Primary	0.00001	0.00001	0.00001	0.563678	0.00001	0.194468	0.00001	0.00001	0.081782	0.00001	0.160001
SRR5349952	P. sativum	0.00001	0.00001	0.00001	0.563418	0.00001	0.436492	0.00001	0.00001	0.00001	0.00001	0.00001
SRR5349951	P. sativum	0.00001	0.00001	0.010085	0.561949	0.00001	0.18088	0.00001	0.00001	0.104861	0.142165	0.00001
SRR5350196	P. sativum subsp. sativum - Primary	0.00001	0.00001	0.00001	0.555701	0.00001	0.24874	0.00001	0.00001	0.00001	0.00001	0.195479
SRR5349929	P. sativum subsp. elatius	0.00001	0.023969	0.00001	0.551268	0.00001	0.00001	0.026727	0.022894	0.060439	0.047571	0.267093
SRR5350015	P. sativum	0.00001	0.00001	0.02374	0.550555	0.00001	0.00001	0.077909	0.00001	0.003829	0.343907	0.00001
SRR5350023	P. sativum	0.00001	0.00001	0.055364	0.548541	0.00001	0.163232	0.00001	0.00001	0.012004	0.220799	0.00001
SRR5350175	P. sativum	0.0948	0.00001	0.00001	0.538532	0.00001	0.209133	0.00001	0.00001	0.035624	0.087598	0.034263
SRR5350122	P. sativum	0.00001	0.00001	0.007862	0.52794	0.00001	0.173686	0.00001	0.00001	0.2268	0.00001	0.063652
SRR5349979	P. sativum	0.00001	0.00001	0.00001	0.522726	0.00001	0.28653	0.00001	0.00001	0.00001	0.00001	0.190664
SRR5350079	P. sativum	0.00001	0.00001	0.00001	0.51591	0.00001	0.290843	0.00001	0.00001	0.014508	0.00001	0.17867
SRR5350028	P. sativum subsp. sativum - Primary	0.00001	0.00001	0.00001	0.511055	0.00001	0.302088	0.00001	0.00001	0.030213	0.00001	0.156574
SRR5350187	P. sativum	0.026855	0.00001	0.010037	0.509689	0.00001	0.043984	0.00001	0.00001	0.055922	0.174848	0.178626
SRR5350178	P. sativum	0.00001	0.000011	0.015017	0.50822	0.00001	0.00001	0.086334	0.00001	0.00001	0.390358	0.00001
SRR5350074	P. sativum	0.00001	0.000016	0.033254	0.507683	0.000011	0.140171	0.00001	0.000014	0.029942	0.288879	0.00001
SRR5349774	P. fulvum	0.00001	0.00001	0.00001	0.00001	0.9999	0.00001	0.00001	0.00001	0.00001	0.00001	0.00001
SRR5349775	P. fulvum	0.00001	0.00001	0.00001	0.00001	0.9999	0.00001	0.00001	0.00001	0.00001	0.00001	0.00001
SRR5349776	P. fulvum	0.00001	0.00001	0.00001	0.00001	0.9999	0.00001	0.00001	0.00001	0.00001	0.00001	0.00001
SRR5349777	P. fulvum	0.00001	0.00001	0.00001	0.00001	0.9999	0.00001	0.00001	0.00001	0.00001	0.00001	0.00001
SRR5349778	P. fulvum	0.00001	0.00001	0.00001	0.00001	0.9999	0.00001	0.00001	0.00001	0.00001	0.00001	0.00001
SRR5349779	P. fulvum	0.00001	0.00001	0.00001	0.00001	0.9999	0.00001	0.00001	0.00001	0.00001	0.00001	0.00001
SRR5349780	P. fulvum	0.00001	0.00001	0.00001	0.00001	0.9999	0.00001	0.00001	0.00001	0.00001	0.00001	0.00001
SRR5349781	P. fulvum	0.00001	0.00001	0.00001	0.00001	0.9999	0.00001	0.00001	0.00001	0.00001	0.00001	0.00001
SRR5349783	P. fulvum	0.00001	0.00001	0.00001	0.00001	0.9999	0.00001	0.00001	0.00001	0.00001	0.00001	0.00001
SRR5349784	P. fulvum	0.00001	0.00001	0.00001	0.00001	0.9999	0.00001	0.00001	0.00001	0.00001	0.00001	0.00001
SRR5349786	P. fulvum	0.00001	0.00001	0.00001	0.00001	0.9999	0.00001	0.00001	0.00001	0.00001	0.00001	0.00001
SRR5349787	P. fulvum	0.00001	0.00001	0.00001	0.00001	0.9999	0.00001	0.00001	0.00001	0.00001	0.00001	0.00001
SRR5349788	P. fulvum	0.00001	0.00001	0.00001	0.00001	0.9999	0.00001	0.00001	0.00001	0.00001	0.00001	0.00001
SRR5349789	P. fulvum	0.00001	0.00001	0.00001	0.00001	0.9999	0.00001	0.00001	0.00001	0.00001	0.00001	0.00001
SRR5349790	P. fulvum	0.00001	0.00001	0.00001	0.00001	0.9999	0.00001	0.00001	0.00001	0.00001	0.00001	0.00001
SRR5349791	P. fulvum	0.00001	0.00001	0.00001	0.00001	0.9999	0.00001	0.00001	0.00001	0.00001	0.00001	0.00001
SRR5349792	P. fulvum	0.00001	0.00001	0.00001	0.00001	0.9999	0.00001	0.00001	0.00001	0.00001	0.00001	0.00001
SRR5349793	P. fulvum	0.00001	0.00001	0.00001	0.00001	0.9999	0.00001	0.00001	0.00001	0.00001	0.00001	0.00001
SRR5349794	P. fulvum	0.00001	0.00001	0.00001	0.00001	0.9999	0.00001	0.00001	0.00001	0.00001	0.00001	0.00001
SRR5349782	P. fulvum	0.00001	0.00001	0.000014	0.00001	0.999895	0.000011	0.00001	0.00001	0.00001	0.00001	0.00001
SRR5349785	P. fulvum	0.00001	0.000014	0.000014	0.00001	0.999893	0.00001	0.00001	0.00001	0.00001	0.00001	0.00001
SRR5349795	P. fulvum	0.00001	0.00001	0.00001	0.00001	0.97534	0.02457	0.00001	0.00001	0.00001	0.00001	0.00001
SRR5349798	P. fulvum	0.00001	0.00001	0.00001	0.00001	0.972121	0.027789	0.00001	0.00001	0.00001	0.00001	0.00001
SRR5349797	P. fulvum	0.00001	0.00001	0.00001	0.000014	0.884723	0.090361	0.000013	0.000012	0.024827	0.00001	0.00001
SRR5349796	P. fulvum	0.00001	0.00001	0.00001	0.00001	0.834919	0.144817	0.00001	0.00001	0.020185	0.00001	0.00001
SRR5349900	USDA-ARS	0.00001	0.00001	0.00001	0.00001	0.00001	0.9999	0.00001	0.00001	0.00001	0.00001	0.00001
SRR5349902	USDA-ARS	0.00001	0.00001	0.00001	0.00001	0.00001	0.9999	0.00001	0.00001	0.00001	0.00001	0.00001
SRR5349906	USDA-ARS	0.00001	0.00001	0.00001	0.00001	0.00001	0.9999	0.00001	0.00001	0.00001	0.00001	0.00001
SRR5349909	USDA-ARS	0.00001	0.00001	0.00001	0.00001	0.00001	0.9999	0.00001	0.00001	0.00001	0.00001	0.00001
SRR5349918	USDA-ARS	0.00001	0.00001	0.00001	0.00001	0.00001	0.9999	0.00001	0.00001	0.00001	0.00001	0.00001
SRR5349923	USDA-ARS	0.00001	0.00001	0.00001	0.00001	0.00001	0.9999	0.00001	0.00001	0.00001	0.00001	0.00001
SRR5349990	P. sativum subsp. sativum - Primary	0.00001	0.00001	0.00001	0.00001	0.00001	0.9999	0.00001	0.00001	0.00001	0.00001	0.00001
SRR5350182	P. sativum subsp. sativum - Primary	0.00001	0.00001	0.00001	0.00001	0.00001	0.9999	0.00001	0.00001	0.00001	0.00001	0.00001
SRR5350226	P. sativum	0.00001	0.00001	0.00001	0.00001	0.00001	0.9999	0.00001	0.00001	0.00001	0.00001	0.00001
SRR5350227	P. sativum	0.00001	0.00001	0.00001	0.00001	0.00001	0.9999	0.00001	0.00001	0.00001	0.00001	0.00001
SRR5349936	P. sativum	0.00001	0.00001	0.00001	0.00001	0.00001	0.999898	0.00001	0.000011	0.000011	0.00001	0.00001
SRR5349916	USDA-ARS	0.00001	0.00001	0.00001	0.00001	0.00001	0.999897	0.000013	0.00001	0.00001	0.00001	0.00001
SRR5349907	USDA-ARS	0.00001	0.00001	0.00001	0.00001	0.00001	0.999895	0.00001	0.00001	0.00001	0.000015	0.00001
SRR5349899	USDA-ARS	0.00001	0.00001	0.00001	0.014161	0.00001	0.985749	0.00001	0.00001	0.00001	0.00001	0.00001
SRR5349924	USDA-ARS	0.00001	0.00001	0.00001	0.00001	0.00001	0.98234	0.00001	0.00001	0.01757	0.00001	0.00001
SRR5350173	P. sativum subsp. sativum - Primary	0.00001	0.00001	0.00001	0.00001	0.00001	0.979533	0.00001	0.00001	0.020377	0.00001	0.00001
SRR5349905	USDA-ARS	0.00001	0.00001	0.00001	0.00001	0.00001	0.976069	0.00001	0.00001	0.023841	0.00001	0.00001
SRR5349922	USDA-ARS	0.00001	0.00001	0.00001	0.00001	0.00001	0.975539	0.00001	0.00001	0.024371	0.00001	0.00001
SRR5349912	USDA-ARS	0.00001	0.00001	0.015683	0.00001	0.00001	0.970178	0.00001	0.00001	0.00001	0.00001	0.014059
SRR5349921	USDA-ARS	0.000017	0.00001	0.00001	0.000013	0.00001	0.968876	0.017088	0.00001	0.00001	0.00001	0.013946
SRR5349915	USDA-ARS	0.000016	0.00001	0.00001	0.00001	0.00001	0.968679	0.00001	0.00001	0.031225	0.00001	0.00001
SRR5350011	P. sativum subsp. sativum - Primary	0.00001	0.00001	0.00001	0.039305	0.00001	0.960605	0.00001	0.00001	0.00001	0.00001	0.00001
SRR5349920	USDA-ARS	0.00001	0.00001	0.00001	0.00001	0.00001	0.95107	0.00001	0.00001	0.024687	0.00001	0.024163
SRR5349904	USDA-ARS	0.00001	0.00001	0.00001	0.00001	0.00001	0.950178	0.00001	0.00001	0.049732	0.00001	0.00001
SRR5350103	P. sativum subsp. sativum - Primary	0.00001	0.00001	0.00001	0.00001	0.00001	0.94899	0.00001	0.00001	0.000014	0.00001	0.050916
SRR5350170	P. sativum subsp. sativum - Primary	0.00001	0.00001	0.00001	0.00001	0.00001	0.945866	0.00001	0.00001	0.00001	0.00001	0.054044
SRR5349908	USDA-ARS	0.00001	0.00001	0.00001	0.00001	0.00001	0.94136	0.00001	0.00001	0.05855	0.00001	0.00001
SRR5350169	P. sativum subsp. sativum - Primary	0.00001	0.00001	0.00001	0.00001	0.00001	0.9337	0.00001	0.00001	0.00001	0.00001	0.06621
SRR5349960	P. sativum subsp. sativum - Primary	0.00001	0.00001	0.00001	0.00001	0.00001	0.927262	0.00001	0.00001	0.071945	0.00001	0.000713
SRR5350058	P. sativum subsp. sativum - Primary	0.00001	0.00001	0.00001	0.028868	0.00001	0.922663	0.00001	0.00001	0.00001	0.00001	0.048389
SRR5350025	P. sativum subsp. sativum - Primary	0.00001	0.00001	0.00001	0.00001	0.00001	0.919313	0.00001	0.00001	0.040239	0.00001	0.040367
SRR5349919	USDA-ARS	0.00001	0.00001	0.00001	0.00001	0.00001	0.91199	0.00001	0.00001	0.08792	0.00001	0.00001
SRR5350221	P. sativum	0.00001	0.00001	0.00001	0.00001	0.00001	0.908705	0.00001	0.00001	0.091202	0.000013	0.00001
SRR5349913	USDA-ARS	0.00001	0.00001	0.00001	0.00001	0.00001	0.905014	0.00001	0.00001	0.094896	0.00001	0.00001
SRR5349914	USDA-ARS	0.00001	0.00001	0.000016	0.00001	0.00001	0.902622	0.00001	0.00001	0.097282	0.00001	0.00001
SRR5350105	P. sativum subsp. sativum - Primary	0.000014	0.00001	0.00001	0.00001	0.00001	0.90241	0.00001	0.00001	0.097491	0.000015	0.00001
SRR5350111	P. sativum subsp. sativum - Primary	0.00001	0.00001	0.00001	0.00001	0.00001	0.90145	0.00001	0.00001	0.09846	0.00001	0.00001
SRR5350038	P. sativum subsp. sativum - Primary	0.00001	0.00001	0.00001	0.00001	0.00001	0.89205	0.00001	0.00001	0.10786	0.00001	0.00001
SRR5350228	P. sativum	0.00001	0.00001	0.00001	0.00001	0.00001	0.890067	0.00001	0.00001	0.00001	0.00001	0.109842
SRR5349806	P. sativum	0.00001	0.00001	0.00001	0.00001	0.00001	0.8753	0.00001	0.00001	0.081119	0.00001	0.043501
SRR5349917	USDA-ARS	0.00001	0.00001	0.00001	0.00001	0.00001	0.87337	0.00001	0.00001	0.12654	0.00001	0.00001
SRR5349894	USDA-ARS	0.02031	0.00001	0.00001	0.006847	0.00001	0.867739	0.00001	0.00001	0.105033	0.00001	0.00001
SRR5350033	P. sativum subsp. sativum - Primary	0.00001	0.00001	0.00001	0.145649	0.00001	0.854261	0.00001	0.00001	0.00001	0.00001	0.00001
SRR5349895	USDA-ARS	0.00001	0.00001	0.00001	0.151593	0.00001	0.848317	0.00001	0.00001	0.00001	0.00001	0.00001
SRR5349898	USDA-ARS	0.00001	0.00001	0.00001	0.152517	0.00001	0.847393	0.00001	0.00001	0.00001	0.00001	0.00001
SRR5349955	P. sativum	0.00001	0.00001	0.00001	0.00001	0.000014	0.847129	0.00001	0.00001	0.152777	0.00001	0.00001
SRR5350112	P. sativum subsp. sativum - Primary	0.000011	0.00001	0.00001	0.000012	0.00001	0.838811	0.00001	0.00001	0.161097	0.00001	0.00001
SRR5349835	P. sativum	0.00001	0.00001	0.00001	0.00001	0.00001	0.835781	0.00001	0.00001	0.00001	0.00001	0.164129
SRR5349971	P. sativum	0.00001	0.00001	0.00001	0.049699	0.00001	0.815678	0.00001	0.00001	0.090443	0.00001	0.044111
SRR5350057	P. sativum subsp. sativum - Primary	0.00001	0.00001	0.00001	0.00001	0.00001	0.807067	0.00001	0.00001	0.192843	0.00001	0.00001
SRR5350047	P. sativum subsp. sativum - Primary	0.00001	0.00001	0.00001	0.00001	0.00001	0.804567	0.00001	0.00001	0.195343	0.00001	0.00001
SRR5350142	P. sativum subsp. sativum - Primary	0.00001	0.00001	0.00001	0.06973	0.00001	0.794414	0.00001	0.00001	0.018479	0.00001	0.117307
SRR5350053	P. sativum	0.00001	0.00001	0.00001	0.133374	0.00001	0.789513	0.00001	0.00001	0.00001	0.00001	0.077033
SRR5349964	P. sativum subsp. sativum - Primary	0.00001	0.00001	0.000011	0.00001	0.00001	0.789326	0.00001	0.00001	0.210583	0.00001	0.00001
SRR5350166	P. sativum subsp. sativum - Primary	0.00001	0.00001	0.00001	0.00001	0.00001	0.784696	0.00001	0.00001	0.093313	0.00001	0.121911
SRR5349962	P. sativum	0.00001	0.00001	0.000014	0.126656	0.00001	0.776696	0.00001	0.00001	0.00001	0.00001	0.096564
SRR5349965	P. sativum subsp. sativum - Primary	0.00001	0.00001	0.00001	0.141431	0.00001	0.775679	0.00001	0.00001	0.00001	0.00001	0.08281
SRR5350039	P. sativum subsp. sativum - Primary	0.00001	0.00001	0.00001	0.077829	0.00001	0.773377	0.00001	0.00001	0.00001	0.00001	0.148714
SRR5349834	P. sativum	0.00001	0.00001	0.000012	0.000019	0.00001	0.770112	0.000012	0.00001	0.219743	0.00001	0.010053
SRR5350113	P. sativum subsp. sativum - Primary	0.00001	0.00001	0.00001	0.000019	0.00001	0.760671	0.00001	0.00001	0.209333	0.00001	0.029907
SRR5349911	USDA-ARS	0.00001	0.00001	0.00001	0.148886	0.00001	0.759523	0.00001	0.00001	0.091511	0.00001	0.00001
SRR5349963	P. sativum subsp. sativum - Primary	0.013692	0.00001	0.006502	0.00001	0.00001	0.752887	0.007226	0.00001	0.154858	0.064785	0.00001
SRR5350061	P. sativum subsp. sativum - Primary	0.000012	0.00001	0.00001	0.00001	0.00001	0.747771	0.00001	0.00001	0.252137	0.00001	0.00001
SRR5350098	P. sativum subsp. sativum - Primary	0.00001	0.00001	0.00001	0.110622	0.00001	0.736679	0.00001	0.00001	0.084646	0.00001	0.067984
SRR5349976	P. sativum subsp. sativum - Primary	0.00001	0.00001	0.00001	0.00001	0.00001	0.732345	0.00001	0.00001	0.267565	0.00001	0.00001
SRR5349896	USDA-ARS	0.00001	0.00001	0.048821	0.175354	0.00001	0.731379	0.00001	0.00001	0.044376	0.00001	0.00001
SRR5350116	P. sativum	0.00001	0.00001	0.00001	0.07927	0.00001	0.711065	0.00001	0.00001	0.00001	0.00001	0.209585
SRR5350037	P. sativum subsp. sativum - Primary	0.00001	0.00001	0.00001	0.00001	0.00001	0.710789	0.00001	0.00001	0.038345	0.00001	0.250786
SRR5350027	P. sativum	0.00001	0.00001	0.00001	0.077957	0.00001	0.708837	0.00001	0.00001	0.213125	0.00001	0.00001
SRR5350109	P. sativum	0.00001	0.00001	0.00001	0.084412	0.00001	0.707499	0.00001	0.00001	0.00001	0.00001	0.208009
SRR5350086	P. sativum	0.00001	0.00001	0.00001	0.29803	0.00001	0.70188	0.00001	0.00001	0.00001	0.00001	0.00001
SRR5350134	P. sativum subsp. sativum - Primary	0.00001	0.00001	0.00001	0.048199	0.00001	0.700777	0.00001	0.00001	0.099584	0.00001	0.15137
SRR5350224	P. sativum	0.00001	0.00001	0.00001	0.00645	0.00001	0.699946	0.00001	0.00001	0.293524	0.00001	0.00001
SRR5349975	P. sativum subsp. sativum - Primary	0.00001	0.00001	0.00001	0.00001	0.00001	0.696747	0.00001	0.00001	0.249233	0.00001	0.05394
SRR5350114	P. sativum subsp. sativum - Primary	0.00001	0.00001	0.00001	0.088715	0.00001	0.692043	0.00001	0.00001	0.00001	0.00001	0.219162
SRR5350055	P. sativum subsp. sativum - Primary	0.00001	0.00001	0.00001	0.127279	0.00001	0.686446	0.00001	0.00001	0.022396	0.00001	0.16381
SRR5350167	P. sativum subsp. sativum - Primary	0.00001	0.00001	0.005452	0.184255	0.00001	0.681969	0.00001	0.00001	0.00001	0.00001	0.128254
SRR5350115	P. sativum subsp. sativum - Primary	0.00001	0.00001	0.00001	0.00001	0.00001	0.65227	0.00001	0.00001	0.077079	0.00001	0.270571
SRR5349910	USDA-ARS	0.276947	0.00001	0.002479	0.015008	0.00001	0.649087	0.01947	0.00001	0.036958	0.00001	0.00001
SRR5349897	USDA-ARS	0.00001	0.00001	0.011196	0.119008	0.179382	0.646629	0.00001	0.00001	0.043726	0.00001	0.00001
SRR5349973	P. sativum	0.00001	0.00001	0.00001	0.294763	0.00001	0.640574	0.00001	0.00001	0.064583	0.00001	0.00001
SRR5350102	P. sativum	0.00001	0.000018	0.000013	0.00001	0.00001	0.632015	0.000019	0.000013	0.367872	0.00001	0.00001
SRR5350051	P. sativum subsp. sativum - Primary	0.00001	0.00001	0.00001	0.00001	0.00001	0.630113	0.00001	0.00001	0.240428	0.00001	0.129378
SRR5350110	P. sativum subsp. sativum - Primary	0.00001	0.00001	0.00001	0.00001	0.00001	0.62176	0.00001	0.00001	0.37815	0.00001	0.00001
SRR5349989	P. sativum subsp. sativum - Primary	0.00001	0.00001	0.00001	0.00001	0.00001	0.610904	0.011236	0.00001	0.187044	0.00001	0.190746
SRR5350041	P. sativum subsp. sativum - Primary	0.00001	0.00001	0.00001	0.000012	0.00001	0.606382	0.00001	0.00001	0.393526	0.00001	0.00001
SRR5350078	P. sativum subsp. sativum - Primary	0.00001	0.00001	0.00001	0.000015	0.00001	0.590041	0.00001	0.00001	0.409864	0.00001	0.00001
SRR5350223	P. sativum	0.00001	0.00001	0.00001	0.00001	0.00001	0.589184	0.00001	0.00001	0.410726	0.00001	0.00001
SRR5350177	P. sativum	0.0066	0.00001	0.00001	0.276347	0.00001	0.58005	0.00001	0.00001	0.00001	0.00001	0.136933
SRR5350090	P. sativum	0.00001	0.00001	0.00001	0.147663	0.00001	0.572374	0.00001	0.00001	0.255658	0.00001	0.024236
SRR5349953	P. sativum subsp. sativum - Primary	0.00001	0.00001	0.00001	0.00001	0.00001	0.566503	0.00001	0.00001	0.433407	0.00001	0.00001
SRR5350063	P. sativum	0.00001	0.00001	0.00001	0.050319	0.00001	0.565205	0.00001	0.00001	0.017794	0.00001	0.366612
SRR5350101	P. sativum	0.00001	0.00001	0.00001	0.00001	0.00001	0.56226	0.00001	0.00001	0.198545	0.239115	0.00001
SRR5349992	P. sativum subsp. sativum - Primary	0.000016	0.000012	0.00001	0.00001	0.00001	0.555816	0.00001	0.00001	0.07142	0.00001	0.372676
SRR5350096	P. sativum	0.00001	0.00001	0.00001	0.00001	0.00001	0.555617	0.00001	0.00001	0.198307	0.245997	0.00001
SRR5350138	P. sativum subsp. sativum - Primary	0.00001	0.00001	0.00001	0.158794	0.00001	0.552187	0.00001	0.00001	0.093024	0.00001	0.195924
SRR5350120	P. sativum subsp. sativum - Primary	0.00001	0.00001	0.00001	0.014837	0.00001	0.539659	0.00001	0.00001	0.198711	0.00001	0.246723
SRR5350013	P. sativum	0.00001	0.00001	0.00001	0.354263	0.00001	0.535021	0.00001	0.00001	0.110636	0.00001	0.00001
SRR5350181	P. sativum subsp. sativum - Primary	0.00001	0.00001	0.009394	0.213407	0.00001	0.521761	0.00001	0.00001	0.198409	0.009172	0.047808
SRR5350083	P. sativum subsp. sativum - Primary	0.00001	0.00001	0.00001	0.150788	0.00001	0.513212	0.00001	0.00001	0.33592	0.00001	0.00001
SRR5350040	P. sativum subsp. sativum - Primary	0.00001	0.00001	0.00001	0.122862	0.00001	0.510503	0.00001	0.00001	0.012076	0.00001	0.354489
SRR5350119	P. sativum subsp. sativum - Primary	0.00001	0.00001	0.00001	0.174736	0.00001	0.508688	0.00001	0.00001	0.093726	0.00001	0.222779
SRR5350043	P. sativum	0.00001	0.00001	0.00913	0.486626	0.00001	0.504164	0.00001	0.00001	0.00001	0.00001	0.00001
SRR5349847	P. sativum	0.00001	0.00001	0.00001	0.00001	0.00001	0.00001	0.9999	0.00001	0.00001	0.00001	0.00001
SRR5349930	P. sativum	0.00001	0.00001	0.00001	0.00001	0.00001	0.00001	0.9999	0.00001	0.00001	0.00001	0.00001
SRR5349931	P. sativum	0.00001	0.00001	0.00001	0.00001	0.00001	0.00001	0.9999	0.00001	0.00001	0.00001	0.00001
SRR5350064	P. sativum - Central Asia	0.00001	0.00001	0.00001	0.00001	0.00001	0.00001	0.9999	0.00001	0.00001	0.00001	0.00001
SRR5350065	P. sativum - Central Asia	0.00001	0.00001	0.00001	0.00001	0.00001	0.00001	0.9999	0.00001	0.00001	0.00001	0.00001
SRR5350108	P. sativum - Central Asia	0.00001	0.00001	0.00001	0.00001	0.00001	0.00001	0.9999	0.00001	0.00001	0.00001	0.00001
SRR5350128	P. sativum - Central Asia	0.00001	0.00001	0.00001	0.00001	0.00001	0.00001	0.9999	0.00001	0.00001	0.00001	0.00001
SRR5350131	P. sativum - Central Asia	0.00001	0.00001	0.00001	0.00001	0.00001	0.00001	0.9999	0.00001	0.00001	0.00001	0.00001
SRR5350133	P. sativum	0.00001	0.00001	0.00001	0.00001	0.00001	0.00001	0.9999	0.00001	0.00001	0.00001	0.00001
SRR5350141	P. sativum - Central Asia	0.00001	0.00001	0.00001	0.00001	0.00001	0.00001	0.9999	0.00001	0.00001	0.00001	0.00001
SRR5350180	P. sativum - Central Asia	0.00001	0.00001	0.00001	0.00001	0.00001	0.00001	0.9999	0.00001	0.00001	0.00001	0.00001
SRR5350186	P. sativum - Central Asia	0.00001	0.00001	0.00001	0.00001	0.00001	0.00001	0.9999	0.00001	0.00001	0.00001	0.00001
SRR5350189	P. sativum - Central Asia	0.00001	0.00001	0.00001	0.00001	0.00001	0.00001	0.9999	0.00001	0.00001	0.00001	0.00001
SRR5350210	P. sativum - Central Asia	0.00001	0.00001	0.00001	0.00001	0.00001	0.00001	0.9999	0.00001	0.00001	0.00001	0.00001
SRR5350127	P. sativum - Central Asia	0.00001	0.00001	0.00001	0.00001	0.00001	0.00001	0.999899	0.000011	0.00001	0.00001	0.00001
SRR5350179	P. sativum - Central Asia	0.00001	0.00001	0.00001	0.00001	0.00001	0.00001	0.999898	0.00001	0.000012	0.00001	0.00001
SRR5349932	P. sativum	0.00001	0.00001	0.00001	0.000015	0.00001	0.00001	0.999895	0.00001	0.00001	0.00001	0.00001
SRR5350184	P. sativum - Central Asia	0.000018	0.00001	0.000015	0.00001	0.00001	0.000018	0.999879	0.00001	0.00001	0.00001	0.00001
SRR5350151	P. sativum	0.077664	0.00001	0.000019	0.00001	0.00001	0.00574	0.916507	0.00001	0.00001	0.00001	0.00001
SRR5350130	P. sativum - Central Asia	0.00001	0.000019	0.00001	0.028579	0.00001	0.154422	0.797977	0.00001	0.018943	0.00001	0.00001
SRR5349828	P. sativum	0.202743	0.00001	0.00001	0.00001	0.00001	0.00001	0.797157	0.00001	0.000019	0.00001	0.00001
SRR5350215	P. sativum - Central Asia	0.269123	0.00001	0.00001	0.00001	0.00001	0.00001	0.730787	0.00001	0.00001	0.00001	0.00001
SRR5350185	P. sativum	0.00001	0.000018	0.00001	0.000014	0.00001	0.000011	0.693896	0.000014	0.00001	0.00001	0.305997
SRR5350203	P. sativum - Central Asia	0.00001	0.00001	0.00001	0.189869	0.00001	0.00001	0.693545	0.00001	0.00001	0.116506	0.00001
SRR5349808	P. sativum	0.321299	0.00001	0.00001	0.00001	0.00001	0.00001	0.678606	0.00001	0.00001	0.000015	0.00001
SRR5349995	P. sativum	0.007934	0.00001	0.042355	0.214226	0.00001	0.00001	0.662529	0.00001	0.010175	0.062729	0.00001
SRR5349809	P. sativum	0.349105	0.00001	0.000012	0.00001	0.00001	0.00001	0.650803	0.00001	0.00001	0.00001	0.00001
SRR5349987	P. sativum	0.00001	0.00001	0.00001	0.00001	0.00001	0.00001	0.645966	0.00001	0.000014	0.00001	0.353941
SRR5350202	P. sativum	0.20714	0.00001	0.00001	0.030896	0.00001	0.00001	0.632476	0.00001	0.00001	0.00001	0.129418
SRR5349824	P. sativum	0.449129	0.00001	0.00001	0.00001	0.00001	0.00001	0.550774	0.00001	0.00001	0.000017	0.00001
SRR5350198	P. sativum	0.031457	0.00001	0.016812	0.131184	0.00001	0.126205	0.51547	0.00001	0.00001	0.121675	0.057157
SRR5349938	P. sativum subsp. elatius	0.00001	0.00001	0.00001	0.00001	0.00001	0.00001	0.00001	0.9999	0.00001	0.00001	0.00001
SRR5349997	P. sativum subsp. elatius	0.00001	0.00001	0.00001	0.00001	0.00001	0.00001	0.00001	0.9999	0.00001	0.00001	0.00001
SRR5350008	P. sativum subsp. elatius	0.00001	0.00001	0.000014	0.00001	0.00001	0.00001	0.00001	0.999896	0.00001	0.00001	0.00001
SRR5349998	P. sativum subsp. elatius	0.000012	0.00001	0.00001	0.00001	0.00001	0.00001	0.00001	0.999895	0.000013	0.00001	0.00001
SRR5350003	P. sativum subsp. elatius	0.000016	0.00001	0.00001	0.00001	0.00001	0.00001	0.00001	0.999894	0.00001	0.00001	0.00001
SRR5349948	P. sativum	0.00001	0.00001	0.00001	0.000017	0.00001	0.00001	0.00001	0.999893	0.00001	0.00001	0.00001
SRR5349999	P. sativum subsp. elatius	0.00001	0.00001	0.00001	0.00001	0.000019	0.00001	0.00001	0.999891	0.00001	0.00001	0.00001
SRR5350000	P. sativum subsp. elatius	0.00001	0.000019	0.00001	0.00001	0.00001	0.00001	0.00001	0.999891	0.00001	0.00001	0.00001
SRR5350067	P. sativum subsp. elatius	0.00001	0.00001	0.00001	0.101826	0.00001	0.197047	0.00001	0.701047	0.00001	0.00001	0.00001
SRR5349940	P. sativum subsp. elatius	0.00001	0.00001	0.00001	0.309365	0.00001	0.110098	0.00001	0.580457	0.00001	0.00001	0.00001
SRR5350002	P. sativum subsp. elatius	0.00001	0.00001	0.00001	0.322877	0.00001	0.123123	0.00001	0.55392	0.00001	0.00001	0.00001
SRR5349844	P. sativum	0.012961	0.00001	0.021215	0.155654	0.00001	0.029937	0.069407	0.549045	0.016207	0.145543	0.00001
SRR5349836	P. sativum	0.026227	0.150261	0.008768	0.088791	0.00001	0.049406	0.066022	0.547996	0.000018	0.06249	0.00001
SRR5349934	P. sativum	0.015834	0.00001	0.020509	0.145677	0.00001	0.04153	0.073577	0.540632	0.022688	0.139522	0.00001
SRR5349864	OSU	0.00001	0.00001	0.00001	0.00001	0.00001	0.00001	0.00001	0.00001	0.9999	0.00001	0.00001
SRR5349868	OSU	0.00001	0.00001	0.00001	0.00001	0.00001	0.00001	0.00001	0.00001	0.9999	0.00001	0.00001
SRR5349869	OSU	0.00001	0.00001	0.00001	0.00001	0.00001	0.00001	0.00001	0.00001	0.9999	0.00001	0.00001
SRR5349870	OSU	0.00001	0.00001	0.00001	0.00001	0.00001	0.00001	0.00001	0.00001	0.9999	0.00001	0.00001
SRR5349875	OSU	0.00001	0.00001	0.00001	0.00001	0.00001	0.00001	0.00001	0.00001	0.9999	0.00001	0.00001
SRR5349876	OSU	0.00001	0.00001	0.00001	0.00001	0.00001	0.00001	0.00001	0.00001	0.9999	0.00001	0.00001
SRR5349877	OSU	0.00001	0.00001	0.00001	0.00001	0.00001	0.00001	0.00001	0.00001	0.9999	0.00001	0.00001
SRR5349879	OSU	0.00001	0.00001	0.00001	0.00001	0.00001	0.00001	0.00001	0.00001	0.9999	0.00001	0.00001
SRR5349886	OSU	0.00001	0.00001	0.00001	0.00001	0.00001	0.00001	0.00001	0.00001	0.9999	0.00001	0.00001
SRR5350217	OSU	0.00001	0.00001	0.00001	0.00001	0.00001	0.00001	0.00001	0.00001	0.9999	0.00001	0.00001
SRR5350219	OSU	0.00001	0.00001	0.00001	0.00001	0.00001	0.00001	0.00001	0.00001	0.9999	0.00001	0.00001
SRR5350225	OSU	0.00001	0.00001	0.00001	0.00001	0.00001	0.00001	0.00001	0.00001	0.9999	0.00001	0.00001
SRR5349872	OSU	0.000011	0.00001	0.00001	0.00001	0.00001	0.00001	0.00001	0.00001	0.999899	0.00001	0.00001
SRR5349892	OSU	0.000011	0.00001	0.00001	0.00001	0.00001	0.00001	0.00001	0.00001	0.999899	0.00001	0.00001
SRR5349889	OSU	0.00001	0.00001	0.00001	0.00001	0.00001	0.00001	0.000014	0.00001	0.999896	0.00001	0.00001
SRR5349890	OSU	0.000014	0.00001	0.00001	0.00001	0.00001	0.00001	0.00001	0.00001	0.999896	0.00001	0.00001
SRR5349884	OSU	0.000016	0.00001	0.00001	0.00001	0.00001	0.00001	0.00001	0.00001	0.999894	0.00001	0.00001
SRR5349867	OSU	0.00001	0.00001	0.00001	0.00001	0.00001	0.00001	0.000017	0.00001	0.999893	0.00001	0.00001
SRR5349887	OSU	0.00001	0.00001	0.00001	0.00001	0.00001	0.00001	0.000018	0.00001	0.999892	0.00001	0.00001
SRR5349885	OSU	0.00001	0.00001	0.00001	0.00001	0.00001	0.00001	0.000019	0.00001	0.999891	0.00001	0.00001
SRR5349891	OSU	0.00001	0.00001	0.000017	0.000011	0.00001	0.00001	0.00001	0.00001	0.999891	0.00001	0.00001
SRR5349888	OSU	0.00001	0.00001	0.00001	0.00002	0.00001	0.000012	0.00001	0.00001	0.999888	0.00001	0.00001
SRR5349866	OSU	0.00001	0.000017	0.00001	0.00001	0.00001	0.00001	0.000019	0.00001	0.999881	0.000013	0.00001
SRR5349865	OSU	0.00001	0.00001	0.00001	0.00001	0.00001	0.032224	0.00001	0.00001	0.967686	0.00001	0.00001
SRR5349873	OSU	0.00001	0.00001	0.00001	0.00001	0.00001	0.056359	0.00001	0.00001	0.943551	0.00001	0.00001
SRR5350216	P. fulvum	0.00001	0.00001	0.00001	0.00001	0.00001	0.11698	0.00001	0.00001	0.88293	0.00001	0.00001
SRR5349878	OSU	0.000017	0.00001	0.00001	0.00001	0.00001	0.087235	0.00001	0.00001	0.85942	0.00001	0.053257
SRR5349874	OSU	0.00001	0.00001	0.00001	0.00001	0.00001	0.161112	0.00001	0.00001	0.838798	0.00001	0.00001
SRR5349893	OSU	0.00001	0.00001	0.00001	0.00001	0.00001	0.184895	0.00001	0.00001	0.815015	0.00001	0.00001
SRR5349881	OSU	0.00001	0.00001	0.00001	0.00001	0.00001	0.00001	0.00001	0.00001	0.787979	0.00001	0.211931
SRR5350220	OSU	0.00001	0.00001	0.00001	0.00001	0.00001	0.226374	0.00001	0.00001	0.773536	0.00001	0.00001
SRR5349883	OSU	0.00001	0.00001	0.00001	0.00001	0.00001	0.00001	0.00001	0.00001	0.773233	0.00001	0.226677
SRR5349882	OSU	0.00001	0.00001	0.00001	0.008074	0.00001	0.051109	0.00001	0.00001	0.772354	0.00001	0.168393
SRR5350091	P. sativum	0.00001	0.00001	0.00001	0.00001	0.00001	0.22898	0.00001	0.00001	0.77093	0.00001	0.00001
SRR5349863	P. sativum	0.00001	0.00001	0.00001	0.00001	0.00001	0.325209	0.00001	0.000011	0.6747	0.00001	0.00001
SRR5349871	OSU	0.00001	0.00001	0.00001	0.00001	0.00001	0.287724	0.008997	0.00001	0.640302	0.062907	0.00001
